1908
2681
2683
483
1990
312
2476
210
1735
2368
1938
1418
1202
2277
978
2719
1108
341
2307
1796
1782
1604
2763
1802
2706
1654
1114
2226
1690
2552
954
2615
1488
1898
613
76
1639
2216
2704
2533
2004
2487
1657
301
1723
1509
799
1150
928
1732
2506
850
117
1590
2279
1211
2934
1135
2300
1618
2324
2321
247
2914
2655
2208
2926
29
1203
923
2059
2570
2577
2811
855
1583
1919
2561
2493
1532
2607
1191
2546
2085
3068
1247
2473
255
1173
198
2223
639
1402
260
767
949
2950
912
1181
2333
739
2922
1631
1484
108
2617
2395
2824
1218
1927
443
2936
526
160
2326
1909
530
2265
2094
2112
2941
2578
2361
1480
296
1571
1400
641
180
2147
1126
959
105
1768
968
1245
1239
207
2103
1023
1094
2775
956
991
1707
1941
2186
534
53
2697
315
1147
1658
1973
2846
2479
667
1550
86
2033
2151
1752
2891
2987
2925
835
1469
1648
2754
2007
3049
2373
2757
1612
313
2269
1080
427
730
586
1834
2035
2676
94
2197
478
162
1273
2342
2766
909
2769
2109
1585
1828
2589
769
553
2988
1856
2158
568
2905
109
884
1162
2735
272
783
1928
1666
1556
2480
172
2888
2133
508
1847
1905
2849
729
2222
1608
1994
1487
1401
1717
1625
2213
136
1438
1149
412
1892
746
1221
1810
1864
614
2832
943
1931
1923
2028
237
448
54
164
1553
2830
1786
2177
1963
1043
1543
2086
2344
197
1873
2375
691
2484
264
2278
2974
439
35
1063
2161
1456
2097
1595
347
2461
1664
2184
470
2548
2315
368
1409
1421
808
2435
2239
635
1441
186
2274
2744
2331
294
1520
2804
2645
2549
1486
354
1084
2789
1780
154
2990
268
2345
1018
284
79
1228
1862
2791
1169
2498
2162
134
1835
2397
1405
1022
324
1379
2839
1868
2347
1712
1626
392
1803
2644
810
629
649
2532
1616
1722
231
2626
2257
2586
950
1985
681
3061
2940
871
842
2576
1103
2970
3022
766
1632
1808
1128
2044
1234
2293
1430
790
191
2938
1710
2310
987
468
1242
1361
2442
2053
479
2641
311
758
1638
2202
1705
1437
1356
1769
2048
874
2428
1259
940
2541
2921
1515
2228
2812
926
1027
965
1596
2696
424
1879
1318
1314
2137
24
2472
1981
460
2206
1264
714
81
2095
344
659
2517
1059
628
434
878
2013
537
2882
1065
2524
626
883
1195
1688
785
953
1588
604
2450
133
1798
2457
1678
99
2096
2778
350
1869
645
2042
2547
1922
621
1795
619
2401
712
343
1482
899
451
138
1479
1206
1899
1673
178
1591
1915
47
2896
214
986
2233
1453
1913
2384
1842
386
981
2957
919
1871
279
2513
63
1692
1190
1189
2019
2739
939
1917
146
3064
1538
44
1217
1425
148
819
298
2753
856
2793
1406
2108
2365
908
2079
1474
1982
2198
2055
2271
1446
566
1516
1227
384
885
381
3058
2831
1032
248
2235
2101
597
2505
2911
2125
713
3012
2875
446
717
596
2444
1785
1473
2822
1072
517
1269
823
2154
733
1566
1885
1674
2185
1555
145
2012
2405
2790
3030
535
1495
1454
1341
238
1530
2981
631
2046
709
22
2400
745
230
2725
2199
151
1727
2805
552
2961
1423
2430
688
1305
2895
1243
2015
1249
851
2624
2501
2554
436
88
1854
1893
2350
682
1512
2642
741
2438
915
2738
1007
546
2537
1002
291
506
1329
2402
1199
1384
509
25
2695
2178
1851
2339
1907
594
801
2459
1292
2041
192
2455
1643
1394
1545
2743
2671
1567
1170
2718
752
1548
2446
36
1261
190
662
2525
283
2964
2492
1360
371
98
16
2135
2221
903
2952
1724
1579
441
2516
942
1974
2604
77
2543
2282
173
1321
1682
65
2346
126
120
1964
610
420
2237
195
1364
362
2425
2474
2861
1700
958
2783
3006
2963
1048
2859
675
2550
325
2215
2732
1161
2927
2968
263
2887
2466
2313
185
1957
103
2620
202
3070
2556
1867
1246
1889
1489
2948
2580
2886
3067
654
2404
3060
1960
2027
1725
1344
1097
2063
183
96
1818
396
1546
1458
219
2045
239
123
1855
318
174
2945
1774
2746
710
1209
1115
2675
1542
1558
2088
768
718
591
338
996
2319
1551
290
398
2285
2390
1886
3000
3046
83
869
2514
918
2713
1419
818
1299
1327
2200
2470
1016
129
2131
2889
2021
520
3059
1345
1420
813
1745
147
2409
1711
2335
1738
2255
504
169
853
1483
779
593
1900
1105
1816
2808
433
1740
327
3051
1449
1562
2403
780
359
867
1392
2650
243
905
2273
1092
2813
1255
1527
2815
2283
1335
1237
2298
1706
1882
3024
3034
1762
1448
2477
737
1229
2264
755
1004
946
1497
624
2432
2482
2317
1433
2270
303
3062
486
2149
1024
833
1389
1821
2192
805
14
1767
5
2138
2093
870
857
2369
1073
2750
2850
836
598
1742
625
1843
2507
2023
110
749
1824
570
854
2772
394
1630
463
974
1940
2421
488
1220
2252
15
651
58
1610
1502
1426
2871
155
2800
1081
2417
1006
187
2253
242
1832
23
2026
2322
440
2031
1179
1008
2194
273
1914
363
1122
2176
285
1603
2571
3021
2329
2765
738
906
2363
656
2649
2248
892
2220
2703
637
505
2352
2802
107
2912
2287
2351
2132
1620
1791
353
832
2755
2920
2749
1496
1730
1841
2465
276
1921
95
1726
1443
2851
1422
1662
1763
865
348
1580
1050
1701
2686
1696
1411
2110
1933
599
292
267
893
875
1157
1061
2358
1517
964
1948
1661
1800
1230
1472
1906
1091
1428
1034
3053
252
761
2722
2416
1504
1226
976
615
2701
1470
246
1770
2874
1302
305
3
3047
668
2653
1062
2741
1093
1182
2877
1176
2443
617
2451
1089
2392
1322
1491
2193
784
1460
2893
2359
602
879
1878
1375
1070
1417
2841
1056
2511
