738
243
795
41
852
861
335
89
15
407
765
26
398
419
531
960
68
836
297
482
823
426
249
957
966
902
50
986
254
416
371
5
637
51
773
425
784
376
450
472
230
920
838
739
965
519
837
57
459
619
516
721
804
651
777
393
630
271
840
682
467
517
23
80
281
274
903
577
623
202
1006
708
592
636
27
329
622
524
171
46
541
240
657
717
200
231
17
59
159
145
507
22
266
700
387
509
643
725
412
530
610
569
345
255
959
300
339
60
594
221
980
523
875
822
119
213
817
748
525
545
912
1020
106
471
149
621
992
95
771
870
937
378
547
269
293
990
302
175
245
753
611
19
488
671
127
845
258
816
308
318
309
930
911
388
932
365
812
70
397
251
201
435
888
349
1002
113
759
935
417
422
600
850
242
474
239
520
7
188
354
183
28
964
953
877
769
503
546
384
372
896
487
775
286
944
320
97
8
947
3
1007
750
824
363
279
595
652
576
846
993
295
6
697
344
165
946
597
323
675
13
161
319
693
262
871
402
645
512
137
768
755
907
701
229
455
916
776
223
802
735
692
970
799
719
263
834
678
819
212
851
218
211
355
172
405
411
431
390
565
216
21
11
325
206
160
44
174
73
740
501
641
111
466
588
267
168
278
381
248
584
196
105
829
478
552
282
1017
844
228
901
790
513
452
757
117
673
219
253
579
556
987
90
163
310
800
449
421
303
126
257
730
1021
463
446
760
548
277
10
627
684
571
130
922
346
430
706
999
367
919
985
205
128
437
585
96
276
908
440
49
489
900
290
373
962
141
1004
494
330
101
484
414
1016
1022
63
936
58
749
148
526
881
831
53
887
826
956
338
480
529
528
863
587
631
604
235
457
745
857
199
110
232
4
781
659
702
648
969
713
825
37
978
273
311
646
120
490
835
880
82
890
226
61
386
493
358
30
385
394
180
91
894
593
872
491
1001
234
215
677
270
820
926
424
477
99
770
36
615
567
499
899
359
915
241
848
731
292
624
854
943
958
157
647
505
147
551
317
366
121
170
972
441
506
625
81
843
720
527
640
786
508
550
423
729
20
144
718
428
392
195
676
923
45
116
864
108
395
535
633
284
968
883
869
1008
660
791
182
498
924
644
481
454
522
152
383
461
809
24
403
808
515
674
785
364
536
409
668
694
752
695
893
47
868
994
925
806
217
275
514
934
743
322
301
898
803
665
885
382
605
614
497
596
380
103
591
336
566
661
727
557
415
747
629
744
305
534
85
801
280
356
663
989
443
878
198
767
236
562
761
917
616
347
486
377
938
71
158
1010
203
1012
176
764
1013
447
396
589
982
798
612
204
247
703
31
208
792
485
996
815
340
601
1019
362
951
291
618
473
658
910
741
246
476
368
886
169
12
244
746
146
649
252
224
582
533
2
979
191
564
889
42
132
66
575
709
214
34
942
259
350
1018
653
502
1003
772
963
782
981
967
580
662
16
699
538
193
667
48
681
696
360
716
94
14
998
583
78
56
560
733
704
686
574
904
707
830
194
737
862
453
628
408
952
189
342
672
379
581
153
220
464
1015
55
685
860
185
288
154
192
945
949
62
462
572
859
710
86
780
179
866
29
102
688
995
143
997
173
988
314
897
971
93
724
939
76
635
511
609
884
909
357
75
650
891
237
918
285
131
296
150
268
632
873
348
833
181
287
654
313
599
77
427
783
913
306
818
634
638
728
439
122
458
518
32
87
333
38
669
83
940
67
876
401
742
680
54
399
832
361
479
788
928
532
855
563
602
225
504
540
312
842
222
74
432
927
1000
272
250
975
136
705
184
607
626
500
104
991
134
88
1005
543
115
948
445
521
209
124
324
1011
79
434
603
197
233
1023
375
847
207
187
107
879
754
974
542
321
906
304
156
853
316
400
429
151
133
123
553
436
813
983
109
65
758
40
155
72
961
807
810
307
327
679
793
734
976
177
433
711
867
451
238
469
9
617
100
420
35
334
774
973
895
892
929
722
666
210
620
374
1009
326
166
298
921
559
763
882
941
539
1014
558
670
264
352
664
418
787
606
167
573
142
555
905
256
328
805
465
332
64
140
726
289
456
162
751
406
510
69
483
796
794
84
778
370
470
570
294
715
227
413
789
135
460
261
977
475
762
331
52
691
260
590
353
164
391
468
404
687
690
814
865
598
495
448
299
190
608
723
568
537
914
639
265
613
828
389
766
955
950
18
92
351
343
444
849
125
839
1
39
756
712
544
683
656
114
43
931
821
856
933
984
138
797
554
178
315
811
186
714
369
25
442
642
698
586
827
112
438
954
496
578
736
841
283
139
732
779
33
874
341
129
858
549
118
561
655
492
98
689
410
337
