860
779
224
874
620
472
237
654
127
255
54
847
679
849
725
756
115
190
317
749
421
1004
307
741
796
197
439
664
957
485
413
641
92
124
657
300
760
403
826
565
977
29
956
336
846
537
332
573
952
263
510
359
880
339
908
517
788
576
104
936
671
672
496
646
593
238
507
523
129
1011
656
712
978
273
963
311
665
291
744
432
1009
56
175
661
4
435
628
253
72
207
1007
799
434
34
208
923
738
1018
962
605
419
66
848
148
187
621
711
548
597
975
343
589
747
137
707
120
382
907
246
49
81
800
467
694
724
1019
37
459
726
312
132
885
383
983
960
940
267
986
750
900
808
25
454
427
916
682
239
279
350
878
326
391
532
811
904
540
735
256
188
560
154
48
7
349
903
820
974
205
909
444
973
146
943
87
112
13
32
674
469
667
219
306
670
390
277
438
845
321
328
650
554
914
884
751
475
283
258
410
609
160
872
3
864
934
182
728
855
227
930
613
673
616
449
583
276
212
153
245
825
436
455
642
950
882
62
871
521
765
737
430
323
893
269
445
513
945
484
714
156
460
452
462
1014
599
961
501
11
761
912
939
720
213
192
337
348
157
853
166
69
1020
450
10
828
329
397
905
648
563
590
211
457
229
165
913
228
690
158
76
26
680
805
169
1002
465
988
358
514
22
414
610
470
24
984
629
568
40
426
528
789
937
114
385
643
47
150
886
881
374
252
926
284
264
423
837
489
719
210
982
287
968
598
815
479
722
53
481
899
771
240
149
996
699
495
70
571
812
995
823
547
782
991
778
818
164
189
488
639
478
1023
368
363
966
582
14
836
147
471
108
777
402
102
644
612
123
562
500
594
607
742
795
895
278
261
1012
9
736
107
68
797
84
635
308
920
453
446
814
833
581
686
376
901
20
757
822
324
494
829
392
408
775
221
433
268
27
954
859
346
86
842
967
768
416
316
74
79
933
36
925
566
637
781
58
384
99
557
655
890
876
831
685
401
717
280
170
772
1024
171
634
18
809
677
206
458
753
539
731
356
928
354
305
739
466
140
272
388
111
773
740
531
380
480
386
697
835
259
168
122
898
214
134
310
684
994
723
101
611
601
691
570
298
19
100
257
602
400
125
248
1008
752
89
396
103
877
522
987
377
94
162
176
524
2
387
345
55
183
545
533
420
798
61
65
222
556
404
97
897
30
105
121
830
128
393
327
579
242
194
549
184
824
290
417
498
35
302
389
512
938
675
965
873
636
243
793
567
351
151
411
46
179
333
972
755
681
729
615
185
992
275
774
250
627
195
783
999
33
6
428
381
217
748
770
173
595
721
553
85
931
669
133
322
701
632
919
889
378
57
703
167
544
868
31
862
980
575
948
834
231
1003
604
405
551
716
172
196
418
260
270
692
299
981
927
786
274
334
802
220
766
586
688
695
448
534
906
319
758
503
647
117
199
892
297
696
969
286
483
704
42
202
364
626
530
1013
705
161
474
727
979
944
60
555
499
174
95
769
529
83
584
370
463
63
461
303
116
218
780
924
888
318
362
917
163
832
754
398
233
708
296
1022
776
424
678
235
542
266
784
785
315
131
997
181
130
552
543
422
251
564
136
415
854
91
492
442
511
234
82
887
959
51
249
437
375
159
631
118
577
506
77
759
541
487
600
964
320
152
883
1016
23
509
361
762
1001
807
658
625
281
526
5
468
186
617
989
702
335
614
93
929
515
932
718
71
618
52
827
990
59
652
355
409
216
949
910
1015
394
325
971
608
630
477
41
342
791
915
998
1021
67
649
285
295
490
801
106
866
447
344
870
497
109
790
209
288
891
215
78
947
558
155
75
633
505
592
953
745
441
230
366
843
653
504
660
309
951
668
550
44
254
861
663
201
535
371
96
198
141
839
80
806
585
21
113
110
289
525
985
561
955
693
578
841
1006
314
353
64
715
98
875
271
203
587
918
226
301
645
894
559
958
666
869
443
340
331
536
456
262
879
399
569
352
911
8
1005
538
17
338
840
730
38
580
360
858
369
821
412
850
698
794
16
292
88
330
572
39
946
810
293
142
683
223
200
651
596
177
1017
851
341
804
896
294
236
425
28
373
126
519
787
90
922
1000
191
508
527
733
50
502
265
792
440
138
347
372
622
700
12
816
429
520
486
713
819
144
624
407
709
941
406
180
379
743
976
15
813
45
606
135
43
491
232
313
970
516
241
619
178
676
803
767
518
640
367
852
282
493
139
574
464
546
357
193
689
247
844
225
145
588
365
143
867
591
662
1010
204
921
1
732
473
993
603
638
865
659
451
856
817
623
706
431
395
764
304
942
119
687
763
476
857
935
244
838
863
73
482
710
902
746
