603
819
1483
2841
1423
1803
664
737
2565
1140
268
1828
329
727
2141
662
499
2980
956
2907
1569
1353
948
1614
465
244
2002
1818
221
2751
1695
2490
1180
2809
970
2568
1992
1756
1787
2606
632
2735
2438
1969
1545
277
1071
532
2422
2515
1155
2352
169
56
1954
622
1182
866
1350
105
3068
402
1144
2194
1488
403
1395
1513
905
2454
588
1811
2882
1502
2305
2200
2529
653
1134
219
2592
2526
2383
1745
2341
3031
107
2696
985
669
3024
331
2582
1383
2501
2264
2393
2092
1672
615
236
922
3042
2835
1255
1283
1694
804
2932
536
1136
1275
354
869
1200
930
1355
17
1440
2313
1928
2163
2004
446
1657
2001
595
345
2088
2688
2717
1807
1297
1962
2676
422
1222
2227
1751
694
2461
2363
1503
141
609
1682
1397
2831
2423
761
168
999
1166
2053
576
1241
1477
431
1576
1913
2431
192
2100
673
1037
542
362
1344
987
584
9
2484
1152
1123
258
1265
586
947
426
2241
299
1252
222
2238
2233
1103
1967
185
679
1598
2014
1287
1337
796
1092
2749
1497
84
397
2083
873
903
3013
274
600
1712
2000
1757
1475
155
3059
2228
2659
1668
2487
1826
1802
1908
2038
516
239
2095
2679
213
906
2602
620
2540
3016
1683
2185
815
1953
2824
726
2597
1587
414
2495
2232
3011
2498
367
1658
1813
154
1271
1936
1415
294
451
2746
461
251
144
2861
2229
2985
1693
1568
678
1243
521
2561
3051
352
491
308
1452
2878
498
2945
2303
2462
2754
1338
356
132
592
617
2709
2713
2719
147
1667
908
1561
857
22
2287
1322
1923
349
406
1533
692
1401
2243
253
952
1977
1715
561
982
2437
1226
2723
1158
1711
874
1510
955
1335
2447
1678
2122
2215
440
2131
1680
170
1054
2361
1691
82
1197
1662
15
593
2148
1102
292
2942
2115
290
93
2059
841
581
2394
3064
1720
921
204
2308
1537
296
2384
2306
1204
2486
742
812
1463
1783
1113
2152
1919
2893
1093
2204
625
384
2640
3054
500
3063
2572
2371
628
2970
1500
1673
756
2479
1141
2028
1447
795
986
2833
2649
162
303
1857
2098
2758
2426
133
2635
863
773
174
1290
2715
2480
2589
1697
2937
2516
1713
2217
3010
887
610
743
3047
223
3045
1137
2202
1532
180
1176
457
2621
1323
830
1008
746
2262
2892
940
2928
640
1798
2785
307
1650
2044
2134
2280
1938
106
1870
3005
1024
2411
1359
437
512
1030
112
1785
2224
505
2979
2999
1652
1233
1428
2071
1681
2348
1105
1750
413
950
2857
407
266
494
2800
707
1062
3043
1972
1719
753
2054
2644
1698
2263
1466
668
1127
2101
1947
1986
2183
995
2074
2710
997
2555
658
3012
972
738
455
978
1707
23
2070
333
305
2046
430
1177
1292
1599
649
2042
1422
1758
2133
2413
996
137
2192
103
1788
2786
2627
1654
91
25
1165
2947
1875
2881
1493
1174
1718
2439
916
745
1689
5
1002
1555
263
1574
2254
667
1749
475
178
2169
1029
2613
1666
2301
2084
1086
2468
2738
2870
340
2408
1570
371
1473
1943
1311
2329
2611
12
1716
1004
1310
606
1437
2234
733
1121
2703
1573
1922
939
534
2068
67
1305
3050
932
418
1005
729
1262
661
1078
1238
1360
954
2174
2065
448
306
875
2430
594
3021
1125
2331
1295
923
1578
1100
2812
419
686
1731
1937
280
474
2818
2005
629
1489
599
2333
2544
839
1059
3030
337
518
2325
1907
1581
1006
2768
1013
1647
1765
19
233
1864
1591
557
915
2022
2511
2757
226
577
163
1571
2950
2270
714
1910
1453
1920
1610
361
1741
817
2076
298
2415
3062
2567
1003
1074
2178
1066
381
1674
206
497
851
1187
1804
1491
2711
907
1274
66
2220
1722
1371
2309
1997
2639
225
1933
1080
767
2261
2298
2777
373
1474
1364
1438
2246
957
279
2214
1112
2392
2577
2652
31
2023
920
372
2563
1416
1686
449
1780
1365
1276
1227
847
1050
1609
243
2863
1944
2783
1675
2553
770
375
2698
441
1781
1859
2006
395
334
1909
1606
663
2599
1026
2726
2344
2967
347
2289
1541
1096
3038
1232
2869
2162
2994
1585
1543
741
2514
2126
666
3028
1146
1327
2819
1411
1391
2026
589
590
1880
255
1332
836
1865
129
690
2218
1424
191
2144
276
641
1149
68
1390
1644
2528
1957
2085
1518
1624
1729
701
344
2125
504
889
311
801
3001
2285
2374
709
1284
1081
1316
41
2992
88
2771
1405
2428
1873
283
2143
113
2136
1188
2884
173
2643
1617
432
2961
2605
1628
256
2948
2469
332
1590
850
2396
2213
316
695
1486
2837
2535
1169
1368
1810
871
2018
335
1664
1643
2073
231
2400
1677
2728
1235
2403
142
2941
1280
1409
1195
2826
1834
2372
654
83
313
2594
1063
953
208
199
2269
1048
2033
1760
3070
2226
1728
2096
514
885
1194
1584
250
1700
749
1104
1380
813
101
2704
2933
1065
1809
2347
2334
323
526
1619
2419
1905
2211
1575
1504
779
2337
2087
2894
2610
1373
210
1375
1051
2743
573
1413
1403
176
2988
1846
2157
1916
1773
2416
2956
2336
3020
1251
2376
575
346
2030
1737
1612
2871
568
3039
1333
1996
585
1721
1730
124
2667
2793
571
928
902
2520
1701
27
627
967
638
2518
1926
2199
3037
774
2808
2216
2127
2067
2299
546
1470
1887
358
462
2682
1942
2056
1242
980
1550
2069
832
2733
2077
1191
2865
842
479
1534
944
988
1450
2533
114
757
1047
2191
2350
293
1856
2395
2968
806
2658
810
116
2883
1860
2381
11
1079
2718
74
2167
651
2762
2686
2072
1855
2772
2839
529
583
2811
1083
138
730
2436
312
1339
171
490
1843
1692
1634
2569
2601
1523
1982
34
3017
877
