2763
2096
733
1059
2100
614
2075
1091
1573
2825
1732
60
715
1201
2068
1774
1710
583
860
1697
2768
1153
2136
2157
225
1421
2307
945
282
2251
111
69
1179
574
1560
442
640
554
897
2456
1463
519
2188
1239
2371
1255
1783
418
1961
1157
2882
1159
2190
128
701
2765
1529
1670
1090
616
1301
1364
696
502
2038
613
1213
913
905
1269
1518
2868
154
1042
2138
2607
1925
319
1225
813
2184
1682
1130
489
2776
1114
1251
1801
2820
328
1379
681
1259
1276
2202
2693
2297
2697
206
605
311
1086
2402
1043
2176
251
378
123
173
1082
974
2313
2457
1572
819
1236
2025
2990
229
2535
2877
186
2793
2211
757
1966
1302
880
2399
2970
2656
1344
2842
343
2098
2139
2813
39
532
355
1135
1262
523
1383
1528
2320
2629
1137
108
926
2061
2848
453
2592
1384
1696
1070
2445
1945
2370
379
811
59
1322
1933
1214
1878
825
1744
777
1805
1273
250
2925
1963
2601
1285
1232
2042
711
1452
953
2276
2969
1595
125
2618
2572
2924
2635
1889
2203
1472
461
1737
793
1987
2588
241
1928
1782
1321
2838
1927
1332
1062
2183
2
1631
29
2998
2006
1333
1899
2844
1485
2117
868
655
292
2575
2545
2167
2818
2405
1708
2747
2626
776
2323
2319
1476
218
2811
335
1349
2386
2787
2290
2550
1553
1819
2224
3039
2901
2616
1974
814
1598
2657
1204
492
2956
102
1581
2906
756
2873
2334
2936
45
92
2476
2339
1999
1536
49
1607
665
623
2394
2851
1701
419
1800
318
2428
191
1019
831
2573
1561
1432
2177
2617
1320
2252
2026
1369
1252
3044
645
2358
1759
381
590
529
912
1955
1654
299
2380
2352
401
3030
2999
2465
2890
2880
2632
1946
1483
1866
1887
1766
1705
2816
2826
460
2009
2954
748
1190
2991
1189
1105
429
3058
2153
3068
1437
1211
2589
854
2287
904
1979
1651
1002
219
1004
1874
1455
1126
1267
2018
570
140
2104
2417
2245
1643
1138
1881
1754
451
835
1856
977
2789
2904
1575
427
1064
1911
772
1634
1675
156
2101
384
556
2681
297
2822
2106
1080
2470
2236
3008
1063
1481
1609
2857
2464
2680
935
718
351
394
1140
430
437
739
307
2316
1827
1715
1516
2201
1107
2856
892
2069
1050
3043
3004
1319
970
325
1932
1427
597
2805
2641
1868
1986
716
2299
557
1245
986
339
1871
110
765
1706
2383
1158
1588
1200
2597
2852
563
2912
1906
2231
1652
1752
1564
2666
1973
890
2033
2159
1335
2227
2348
1439
633
273
14
196
2305
2065
1534
728
2892
1156
2863
1625
2841
1139
1181
661
1524
249
100
428
1249
1678
849
1636
1704
1133
1867
212
413
717
150
73
160
2081
1969
878
1315
1399
464
2553
1395
1802
1247
707
363
2622
2083
2560
1031
2029
2226
1545
1468
290
3052
2937
1374
2052
1975
1677
275
534
2051
1694
1823
628
1136
1281
271
1445
672
67
1602
2823
1763
979
2587
1057
1076
53
1444
1061
1265
2718
763
2727
104
768
654
1910
1828
2468
806
1530
2099
438
1872
2459
341
1920
2044
2425
1918
743
2537
1850
1861
1824
1785
35
911
636
2940
1046
3002
927
2392
801
1373
2951
2757
1186
2306
571
1234
2292
1270
1513
115
1991
749
2368
2091
943
367
2366
1014
2378
2345
547
1601
2310
2387
1045
3000
138
2367
2889
916
1453
2692
862
1141
1593
400
349
1812
1984
1296
270
2717
2484
1596
1960
758
1718
458
18
2191
2238
626
702
300
1688
2455
2824
1365
1284
2089
2413
1661
1489
2651
337
652
2258
2027
2112
987
1352
725
434
1264
1982
2014
2748
1392
2242
2774
2230
289
1229
1446
1633
1721
1440
2441
789
2070
2317
1256
700
1494
2406
2469
2598
65
608
1053
1092
2303
2646
2794
2010
564
621
2325
2706
627
1131
1308
2122
732
358
1787
1855
2790
74
2436
1713
1433
2974
771
1826
533
462
1668
2611
1221
77
2891
902
2615
968
197
1348
425
899
744
362
2836
43
2608
180
2883
1195
1627
1052
2784
1246
3055
276
514
2028
1552
2552
78
2504
589
2752
816
1049
993
1339
1054
3033
33
1857
1471
2510
1231
2781
1238
2487
1765
2193
1852
1110
1191
1994
2410
2710
1996
1837
2421
684
1342
753
520
2684
1147
2088
27
1939
1936
376
1422
1637
308
3063
42
540
2160
447
569
593
252
1116
1278
1487
2376
2206
264
2524
446
843
2562
919
1436
741
804
870
1492
2151
2228
2414
2976
2012
2243
79
1449
232
1077
1702
2285
1330
2687
2001
691
3061
2517
528
1371
2745
1854
3042
622
2485
2505
1316
3048
2489
2154
3035
3001
635
1324
124
1295
2072
34
662
641
542
694
512
2079
445
1217
1144
837
302
1029
151
245
1451
2630
134
2640
1818
3060
783
2451
2208
2095
2584
1612
1271
874
612
988
1943
3064
435
3019
1387
224
2058
174
481
2702
143
1438
2275
2508
443
2097
1685
515
2648
548
468
2086
895
2422
1897
2109
1842
2703
147
1858
422
1058
1093
3028
1978
656
258
506
2170
24
1569
896
2418
2733
2600
2050
876
1679
995
2509
2365
2917
2723
1496
1051
592
1425
3006
1753
380
1474
1712
473
246
256
2403
2671
1579
674
1580
1125
1298
815
220
1331
3025
867
7
535
187
787
2736
1937
1117
168
1814
2382
869
266
1143
136
83
388
2031
2360
1111
1417
1498
2900
3069
1786
2593
1884
2833
1839
199
755
2644
411
1711
1892
991
688
792
1597
1164
485
2067
2385
129
2654
2719
406
1761
2257
2667
572
1056
2670
587
999
1170
1792
2353
1577
961
2142
686
1541
2964
482
3018
823
3065
2364
1667
1562
227
2761
253
1777
2835
1411
1944
2162
2350
737
2351
2920
414
1163
930
1357
1025
259
2540
842
44
2570
667
1288
2827
969
2555
1940
2849
2155
2110
317
1360
2388
2229
544
2076
1241
1736
1003
939
1033
323
2807
929
1583
1127
329
474
795
326
1294
1015
1017
555
2152
947
82
2691
2586
1567
1882
978
344
1886
990
2023
1341
313
1478
620
2911
639
2782
94
618
2530
1689
584
2959
1587
1377
2730
2810
1066
2502
2024
2864
2105
1442
2728
673
2520
2854
2293
1687
2475
163
17
2315
240
1306
1683
1356
2262
958
210
671
2767
2620
2207
827
933
1614
2205
1435
992
1340
954
254
909
309
2769
2576
1375
2180
432
2785
1644
1833
1160
3003
235
2447
2186
1491
812
2914
1844
1458
2933
751
1767
731
910
2454
882
2318
785
517
3029
2198
221
2905
2495
887
3027
1781
188
1434
956
2123
2132
2309
2614
470
879
2938
395
2983
1515
2809
2404
2008
2398
2440
287
2175
2446
2478
2764
588
1952
2645
1142
1277
316
2240
1517
624
900
2498
2129
1599
1629
2223
28
2624
372
2082
2486
1877
1176
1876
1523
1078
2148
217
2603
1336
766
864
2984
2017
3067
306
2568
420
68
699
2347
1532
713
162
2302
944
1993
2694
2566
1557
2713
829
1027
1482
2834
630
740
2943
13
274
2541
1206
2270
1645
1799
2337
920
85
2843
678
371
779
634
1849
2232
1793
503
3005
2884
112
1976
604
553
1508
189
56
1173
2361
2036
373
1084
280
408
2791
1148
2760
1995
1657
865
2233
1912
80
423
2483
1743
1011
637
1406
120
155
1880
2878
791
2881
989
759
1520
466
2199
374
2179
1660
2513
1729
685
1641
1098
2801
1497
1154
2839
1279
1289
729
2549
1353
1831
2102
657
1924
3062
2708
2490
1773
2831
2511
2808
1958
736
2047
2612
46
1022
2544
2043
1905
1150
646
2679
2738
1060
285
846
722
213
1566
3066
2923
2539
1132
2658
1145
1916
1048
2711
403
62
1499
2046
398
710
99
3020
247
573
486
2140
320
1292
84
784
2219
2957
2234
1549
1820
2986
1558
1527
1119
580
501
698
2401
444
1923
832
2124
2427
898
86
838
97
1931
1040
105
2696
1034
2695
2250
76
516
650
2659
1032
629
1044
2812
2741
2926
2613
773
1109
2946
526
1363
2565
1001
1368
1215
2712
680
1010
1087
1182
2355
863
2053
1074
231
2354
746
552
279
433
1938
1845
1325
98
730
856
2479
3040
1646
2709
1658
2840
497
2295
1000
1838
41
872
1431
2472
426
1686
1648
2623
1123
2968
712
565
248
103
1731
1817
2567
2788
2704
855
2393
1065
63
1500
2460
1047
1734
1282
2073
721
1922
2602
360
955
1367
2749
2636
821
2902
1919
2499
2652
142
2894
495
2996
2416
1149
1113
967
1493
2561
1551
962
790
901
1329
2277
845
387
87
3031
1275
2178
2182
1841
368
599
1118
2783
1244
1692
1041
1171
1102
2515
2759
1005
2664
2850
1948
984
1617
850
3036
1199
190
2491
294
1977
1248
1108
1283
1473
2739
834
2762
2216
889
809
146
727
336
1416
1965
1511
2792
37
70
669
2547
2966
1680
268
2093
1300
207
1
2408
1750
1967
494
2737
465
1684
2797
455
2876
1584
2294
1917
122
603
1655
2217
109
2981
1068
3021
144
1313
2941
1037
15
2796
2729
417
782
471
1896
866
2742
1980
1997
2241
2908
2861
2107
2672
2989
3070
3056
1915
1895
1386
2066
1448
2958
1834
203
1407
973
1464
2870
38
2815
1370
769
918
778
1898
1382
2804
566
802
2396
2220
1632
2338
938
2430
852
1021
2507
1287
2340
2756
1115
764
32
1224
1909
1669
410
324
2551
2221
1311
1870
1418
1073
2714
1745
1254
2237
2678
982
704
2063
1779
347
3057
2775
2048
2164
11
659
2471
1412
2661
412
185
2213
431
2235
1362
2016
278
2094
2627
2192
2288
267
9
467
145
157
1742
2434
1747
1543
2133
286
709
2210
915
2074
1728
1039
1611
1755
2932
1873
488
2960
2311
1900
301
3017
1623
496
2377
491
551
1268
1776
89
2497
1790
998
3050
1621
1725
477
2269
770
2209
1869
1556
2604
2204
1788
2458
3032
260
750
525
530
2580
2168
1454
1461
2786
738
281
2125
720
330
402
963
2817
2724
1028
2921
2482
472
775
366
456
1307
2412
2003
1565
1829
1462
2973
2858
322
1720
1992
1467
479
1317
950
2453
2625
194
178
884
1860
539
1475
1226
2214
1647
886
1671
942
2494
799
2452
754
2060
2663
625
1921
2415
1304
153
1930
1447
1036
263
1337
484
690
2263
2533
391
2879
1810
1901
2821
1830
2744
1525
504
2379
594
903
1165
2239
994
1846
2780
1888
2248
689
321
139
288
1310
2423
2015
93
116
1904
2298
2141
1847
1672
2522
2163
2538
1460
1326
1184
2795
543
676
2621
1104
1228
1749
2993
2732
1008
1539
64
577
1693
607
1343
2758
2314
1722
1666
170
2056
1835
805
1727
2939
2143
2647
1709
1748
2080
914
2284
1989
1166
75
2897
257
2847
2346
1789
1372
2521
2333
457
2400
658
2772
40
861
133
2557
2049
106
198
847
2945
1009
31
1328
1361
595
2022
917
2690
1998
558
1413
767
1794
653
1207
2039
2913
1419
2395
1488
762
957
2855
2962
980
2734
742
664
1605
610
314
1640
2289
2005
1385
236
1619
1840
58
2071
601
536
2002
1590
1983
2268
1290
1620
735
951
440
130
2610
3046
2770
450
1585
2899
1414
648
2435
1280
2244
1885
2500
808
1656
1630
2165
8
1253
2450
2171
4
1990
642
19
1208
2274
2342
2543
1378
90
596
1415
2021
283
1134
822
2145
508
2390
1926
2409
1964
1550
1957
1237
265
476
399
2527
2869
1724
1981
1772
1811
2448
2391
1188
2420
2212
2246
537
1507
2126
1914
55
1167
1291
1813
794
1610
2595
2084
844
1804
585
216
1714
2753
2030
2985
2516
518
1218
88
976
2705
2944
165
546
2967
796
1949
234
2596
262
2599
2720
1430
1013
1971
2928
959
333
304
1402
3041
202
922
2639
158
244
48
2077
71
2259
2271
2506
356
2389
2886
2698
1222
1546
2020
2281
734
1665
1106
167
2751
1441
2525
2369
1428
200
3045
2994
1950
2829
830
2909
660
839
137
2574
1209
1700
439
2308
1563
1194
2200
1751
193
215
1791
475
375
1758
1822
2189
1006
1947
3037
1380
3012
2578
1624
2496
1366
345
1318
2463
1397
1272
2975
1327
1695
2032
820
1628
1762
2798
2466
2225
2055
1875
2885
352
2653
1112
2113
1258
2279
2865
786
52
2041
204
2872
23
1128
66
2799
2594
171
2965
2149
1506
1210
2591
2222
2336
2771
348
2439
1578
631
1303
1851
675
1935
1843
2286
2474
600
2040
858
364
36
2559
2169
1174
513
1230
243
1266
1405
2701
2676
1635
582
1067
1505
2411
1274
1227
2972
478
2137
611
2054
1351
1554
2649
361
1681
161
3014
2893
619
586
2548
2300
3007
2247
1778
1673
581
877
2819
997
2007
2907
2272
1913
949
2144
2988
1312
1075
1404
166
1626
377
2253
487
2062
2419
2119
20
272
2438
798
1081
2638
3038
1618
848
397
894
1035
2324
2806
907
386
760
745
303
1323
1650
1825
2429
788
1985
2735
2942
2514
298
2898
2473
2665
1007
3053
1155
2929
2322
824
1730
389
1784
719
2558
1608
2952
2000
1398
2372
152
1193
1479
3071
647
632
2859
2814
1457
706
242
2995
315
5
2980
638
1389
826
1519
459
2963
342
293
1676
2329
1707
195
1586
2045
2982
54
1815
1690
2254
107
522
1309
891
2802
1286
932
2685
3011
509
2131
983
747
2147
1486
2130
2121
2867
724
893
2731
2689
1542
1951
233
2828
2677
312
2997
2935
2128
369
1197
469
524
296
1354
996
885
1639
2556
2019
1299
2800
1735
179
873
2700
1094
1547
2650
1589
1124
2477
923
2948
436
2673
1055
1934
1764
1733
1770
1775
1026
1220
682
1559
2532
964
2766
1642
2442
1088
239
1129
1120
1555
114
1103
2949
1243
2895
2582
818
1100
480
2373
2526
2375
1903
2397
132
521
463
833
2577
1477
205
131
3013
871
559
934
1522
2114
1334
2546
2194
828
2357
937
1198
2971
2431
1816
2172
679
2569
1079
2853
1470
1085
117
2462
2321
1893
1662
2871
1095
228
452
1408
1177
797
1350
1393
1205
57
579
1038
1582
560
2215
2699
663
2034
1495
2356
1526
1185
1410
2173
2563
141
1347
975
1535
1161
2424
1403
500
2037
1613
925
2722
169
1902
1469
567
1716
424
1016
3026
1698
176
96
2606
409
334
1257
810
853
1512
230
1806
695
615
538
1388
1162
211
2185
2888
1615
2837
359
396
2312
2362
1859
421
1808
2384
2156
392
2874
1305
1533
3054
223
1760
948
2531
708
1863
2977
1297
407
2004
2915
1653
1908
1212
1293
441
2134
1540
2161
1504
1169
2978
1809
2830
2961
1020
1576
505
541
2633
1659
851
2261
2903
1929
332
1146
1030
888
1592
931
1358
780
3023
1484
774
692
2518
1260
385
2181
1510
181
946
2344
1426
357
2536
928
960
1089
1531
2359
284
3049
2492
1196
1202
1570
2987
2437
2011
2930
172
972
1663
2349
1429
113
1568
1739
2461
2777
800
119
1574
91
1699
2682
2554
2218
269
2740
2887
1853
2590
1409
1501
2571
2675
1502
1345
2955
2335
1223
1490
2754
511
1959
1394
1970
2721
1187
840
1099
921
2444
1746
2528
1798
1726
2296
2090
1771
1879
2779
527
1359
2605
1538
1018
1391
1338
310
2910
10
261
2326
1097
2934
498
2609
940
1740
101
2845
2273
683
2282
2432
617
2480
1544
1769
936
3047
2916
2512
705
1703
454
126
2059
2860
2013
1459
1465
875
752
159
531
2628
61
2304
2111
687
3015
1390
1420
2064
2115
1250
1122
2426
72
1894
1400
1649
507
346
591
1355
2197
1023
3009
1821
1606
2655
1968
2103
2135
1956
175
2449
2896
1096
924
1466
2146
183
2035
1381
1346
1803
1314
1183
2158
1571
2078
2278
2866
2642
2953
30
3022
2542
201
2196
2341
857
2643
1954
1836
1865
1424
2750
1717
127
2778
2715
2118
404
1180
1603
1121
177
2481
2166
192
25
803
483
1514
2668
2488
3016
226
184
2501
677
1832
578
668
2265
1450
16
3034
2087
2832
2746
3010
2564
714
1756
2688
1807
22
2150
697
1988
1192
836
340
12
2195
164
723
2443
1175
883
550
370
510
1072
2927
1757
2918
448
545
2862
807
2267
2523
1942
1723
118
148
2328
761
2331
1972
1638
2803
2493
382
1741
643
1941
135
1456
2755
841
598
561
2875
1071
2631
1069
1024
2585
2725
2503
2264
1172
1883
2581
859
971
2256
2433
208
331
2529
644
2407
1890
1233
781
182
2280
693
1203
649
1616
2707
26
2922
703
2116
1152
51
881
3059
817
2260
305
1443
3024
1864
2686
1235
50
2057
1795
1240
2291
1168
149
338
2579
277
350
1674
1242
2947
2301
1376
2249
416
6
1219
1509
214
2327
2255
2187
1151
95
1604
2363
2283
222
2846
576
952
1664
2108
1962
291
383
405
1178
2085
415
2092
2634
1622
238
2174
255
670
1401
1862
47
726
985
121
2619
965
2519
2637
549
81
1796
609
499
2931
1768
966
941
1503
2716
2381
568
2120
1738
1012
575
651
2127
3051
2919
2583
21
390
2343
1691
1797
2467
1101
1216
2374
237
1591
1907
2979
908
2669
2950
365
1600
1261
354
2330
2743
1719
1480
1548
1083
602
490
981
393
2534
1594
606
295
1780
2332
493
2992
1953
1423
2726
1263
2266
2674
327
2683
562
666
1396
209
1537
2660
906
3
449
1891
1848
353
1521
2662
2773
