632
844
401
597
931
880
673
667
175
506
518
1020
993
334
932
858
516
740
463
648
747
727
307
751
369
923
344
660
3
170
736
23
775
586
698
616
115
153
530
427
882
258
426
808
373
90
600
260
539
738
799
271
779
954
1004
12
822
958
54
787
617
242
296
582
121
946
36
314
244
690
852
162
491
285
68
978
181
481
19
520
458
180
612
436
297
252
114
489
943
1012
69
788
411
313
41
485
73
812
409
97
455
549
601
979
106
904
65
714
133
17
464
832
382
341
689
771
150
248
853
472
72
366
61
618
998
74
796
818
809
902
748
526
141
696
985
527
184
602
704
615
85
658
93
288
64
755
825
965
742
110
159
816
820
517
127
640
861
983
163
873
859
924
478
960
949
342
138
397
104
101
925
272
541
475
905
218
235
493
909
758
981
83
279
46
327
1016
576
722
591
211
951
102
561
977
827
31
49
848
999
103
223
134
997
417
886
716
917
606
841
246
345
717
295
657
845
169
389
679
213
677
383
596
921
763
92
354
259
237
203
50
777
126
482
764
1001
792
402
448
187
418
629
628
460
311
303
250
785
986
631
680
66
116
457
410
633
423
984
356
643
625
793
529
1
317
330
510
253
571
836
652
630
444
210
87
972
60
685
705
725
562
454
645
261
113
547
534
76
773
987
891
665
897
487
920
557
513
339
743
471
914
669
48
298
583
219
811
404
35
769
739
453
651
937
666
1018
916
214
16
992
941
459
692
966
826
14
531
71
532
310
294
461
4
874
713
508
664
325
795
394
1006
735
200
878
398
81
331
434
443
1023
168
264
479
703
499
653
919
750
928
1011
857
95
584
263
352
384
894
839
888
273
927
364
386
688
132
217
28
174
961
718
568
864
500
306
173
876
798
849
226
1013
221
834
498
129
862
994
522
425
538
412
976
37
644
782
316
767
312
611
136
304
655
866
847
528
781
365
572
545
107
43
67
186
308
62
207
974
301
744
363
155
814
623
239
588
240
700
353
8
749
701
152
807
670
205
1015
558
270
804
494
608
359
484
137
98
262
201
594
587
581
160
780
15
855
370
900
302
746
44
1008
659
533
675
400
440
565
197
968
794
805
1000
222
599
142
194
335
379
131
709
621
333
122
26
467
403
108
887
936
610
358
806
96
741
220
378
282
959
929
991
241
935
762
176
550
589
191
1025
1017
892
881
593
190
502
627
243
752
415
86
548
474
424
939
128
699
590
757
421
204
452
505
57
20
957
442
360
319
245
551
420
388
216
473
872
293
199
819
251
377
908
821
525
607
1007
686
255
720
895
280
863
164
177
158
926
229
729
433
515
614
396
745
824
407
328
789
329
626
380
542
416
441
143
276
39
192
733
656
178
694
912
570
287
399
422
21
566
577
676
672
212
982
406
865
347
962
52
711
198
117
964
465
139
346
268
496
535
88
146
451
234
349
338
439
903
553
647
148
507
635
469
569
124
435
189
249
802
835
236
840
803
449
934
687
942
980
5
948
53
343
154
230
1009
144
723
305
536
786
646
299
419
225
30
432
51
898
1010
871
290
737
654
405
950
564
32
195
228
661
955
867
915
638
59
833
889
514
266
573
2
810
105
165
274
193
291
846
668
831
639
869
79
650
196
790
385
731
712
540
55
413
208
693
323
523
47
269
324
445
495
603
387
462
362
309
430
376
42
721
715
480
257
947
1002
275
38
368
94
393
682
930
277
856
815
11
24
702
29
724
622
357
470
801
906
18
151
967
761
907
975
466
355
447
896
281
605
156
609
450
278
58
238
361
649
488
503
171
559
940
99
120
759
215
326
620
860
726
292
913
567
77
765
519
315
938
112
706
770
284
391
1014
663
438
336
332
695
1024
161
486
477
6
604
232
875
637
456
973
784
592
1019
337
642
56
286
945
791
63
911
375
501
395
728
683
753
879
22
147
543
901
918
428
843
575
1003
678
563
75
1005
996
231
995
578
813
624
429
1021
783
437
408
544
157
27
247
320
546
885
25
289
7
730
84
953
149
772
91
619
893
732
351
554
13
140
899
111
636
446
870
206
350
145
774
185
483
125
756
691
497
708
797
45
838
890
283
574
135
509
684
778
537
776
884
321
868
579
760
877
598
662
300
227
910
580
109
989
9
922
40
372
89
348
188
254
182
267
123
944
823
10
585
511
118
1022
392
256
524
381
224
431
641
390
850
710
560
854
671
734
800
119
595
512
674
130
963
883
166
837
768
492
468
183
681
556
828
80
969
504
988
956
521
322
100
719
371
697
842
78
634
340
817
754
476
555
707
830
367
233
33
209
179
374
318
202
34
971
952
552
613
829
82
414
990
851
933
172
490
766
167
970
265
70
