943
2362
2679
1737
3030
1077
1732
1108
107
2121
2941
1600
1785
1763
376
283
783
1382
792
2017
2829
172
2510
486
2166
444
272
1028
781
1716
1348
2134
97
700
146
93
2254
496
267
2741
2462
1022
2809
1971
428
337
2276
3034
2282
1173
647
3009
2834
2482
159
2050
2508
850
2868
3004
169
1537
1597
1777
699
2367
634
497
1723
603
1967
399
1646
469
2020
425
2128
134
1923
153
2335
2914
2043
1704
1772
52
2711
2242
2779
3019
489
1065
864
4
1048
2062
275
1479
1871
2202
498
1207
2988
1009
1724
11
775
522
2944
2147
1101
1361
1982
2565
1969
1837
1111
772
2079
2669
1073
2999
1488
388
1567
670
2663
14
2499
2580
67
3059
2375
2651
2987
1941
707
1122
1781
1089
1130
2773
1946
2766
1912
2799
2695
1084
1566
2368
87
690
1326
2224
3
515
1740
2307
12
991
297
433
2419
2566
2998
882
2422
645
2767
2995
2378
76
371
1882
2106
759
2965
1726
1051
2197
1947
1520
291
585
1779
2798
1604
1643
1170
543
1115
2262
2892
2908
2030
2033
1512
2390
307
2000
2861
1569
1775
561
203
60
85
2011
816
1950
2477
656
1411
1870
2603
914
193
2156
2138
10
1708
2760
2620
2303
136
2617
2802
2461
1301
877
2960
974
2670
2928
1353
2986
897
3056
2813
1253
693
1132
2221
135
2045
2883
77
905
1128
1387
299
1153
994
730
903
1447
1617
2347
2480
2492
722
1608
1745
2564
1071
937
188
227
1057
2534
2465
385
2913
2784
2141
924
1653
2523
2069
1554
2080
1613
1727
3068
450
1320
896
2841
71
298
2181
2240
2005
1952
2081
711
1416
202
17
382
1013
706
2490
280
1334
1303
1671
3043
747
2560
310
1530
1790
234
2167
70
2431
2575
236
2454
1246
576
1037
2907
32
1640
3037
1962
2427
704
1159
1202
1445
2787
1458
2953
1135
1141
140
913
872
1385
309
359
684
33
1606
2593
2642
1239
329
117
1620
2857
972
2163
1304
721
56
584
83
119
1312
2752
976
1907
2783
1000
1168
2815
890
807
1396
1662
2541
970
263
589
1887
695
2818
971
1432
1581
2547
183
2145
2969
1112
403
748
1693
2535
933
2516
746
2169
892
2930
1730
1861
2734
255
627
2544
1149
2594
1827
279
2539
459
1146
1937
161
447
339
1621
2637
2740
1637
2270
2067
1588
716
1482
692
1746
1551
223
742
400
966
1698
2263
1281
1752
1299
1478
1656
2297
1988
2211
88
2701
1678
2445
1244
317
2423
1858
2958
1287
955
3058
152
118
1534
636
2981
145
658
504
660
2421
220
1944
1596
1792
409
2027
1289
114
909
468
1903
2496
2666
293
1741
2283
2269
1970
2488
340
2497
1072
1965
1403
551
186
21
2704
592
2633
1791
2203
977
1875
228
523
65
2837
487
379
2772
2690
796
1943
396
2350
81
2379
1158
300
979
2819
712
666
427
2223
1109
3067
607
2817
1697
1720
231
2713
1469
1278
1794
570
2785
2336
1381
2536
2293
2402
1647
1773
1539
1190
1863
1079
2950
2284
391
2313
1308
2022
1652
2625
1666
2524
2280
393
794
2886
2729
2910
34
873
1486
1327
2659
1921
623
572
2251
949
2302
1884
548
1389
3022
204
2249
55
1277
1060
1690
2152
1974
2469
1354
2311
74
1736
2177
1786
505
862
3024
2782
2008
631
2906
906
2003
2232
649
363
616
1531
842
63
2881
2791
2358
2330
434
2716
1145
2382
1272
1973
1476
2664
2420
182
1804
1335
741
723
2667
2982
2135
160
2688
725
125
858
964
2591
2973
2098
2288
2771
2943
476
30
2432
550
1500
2512
894
141
45
1027
978
2009
2265
2323
206
2511
1430
201
1459
250
2714
2055
2703
1498
495
2258
2125
2803
2096
2589
1686
1911
2376
2198
533
3045
1757
1378
752
2105
2956
2763
600
2064
1401
856
1134
863
1932
1211
1098
732
2976
2528
1719
2165
2921
1419
221
2722
901
2065
1178
2164
1579
1429
960
1511
664
2278
2463
927
2671
1213
2319
1930
2894
2604
1747
2250
2327
674
2727
1731
2309
389
1315
2193
2814
2934
1898
484
1979
2710
2715
458
2149
213
954
2406
1523
1373
441
2638
2613
2363
1305
1147
2628
1628
2531
277
2929
1939
1360
1771
2184
1410
126
825
1010
1710
552
2032
717
1352
1302
1922
1968
2436
2315
1454
1365
2522
3050
1535
2024
2415
2031
2127
418
1806
150
1276
745
1689
2563
965
2471
1644
1018
410
314
13
2076
2686
1894
1514
893
830
2556
1120
987
1483
1625
2992
1509
177
891
2736
1660
1380
3047
803
829
597
1117
352
1492
3032
849
1209
1616
1632
1016
520
832
2884
2889
2158
1769
1602
876
719
2146
2071
1126
2909
420
1573
735
2326
992
2731
2312
412
1336
2468
2287
1768
1928
2570
1351
8
1864
2993
2058
163
843
2743
2635
334
2657
2034
2682
485
2418
198
1624
1131
1918
1106
2990
1972
1377
1030
2595
880
180
2675
2724
1346
1269
377
1066
2245
2450
733
2391
517
1205
1265
1252
813
1816
1324
2157
2387
2901
2600
2768
1067
2082
346
2210
1844
942
1799
1306
268
315
1812
907
353
1045
3040
2804
465
1544
1434
1011
566
1035
2871
1961
2417
1050
2110
1742
687
2474
952
1895
1495
357
2756
1831
238
2491
1309
2212
98
2647
1919
2196
2790
1524
1914
1185
2706
2341
3039
1470
1162
1851
36
981
1466
5
1423
366
121
2132
568
1897
1428
471
1290
762
170
2658
768
2632
362
2833
2021
921
331
879
969
269
2649
1998
578
2770
1081
1384
1468
333
1958
19
1200
1208
2172
1860
1835
2
235
1298
295
3014
625
2059
2228
2904
2320
2687
1780
874
3071
2133
1214
1096
2126
2217
1359
2026
1545
2348
1086
1564
1516
854
611
463
2318
254
1342
1879
785
1241
637
1311
683
355
824
2519
2084
349
1442
167
2852
2395
323
2365
1830
2533
2222
587
2225
2068
2530
2840
2366
1012
73
1268
2872
840
2370
718
1993
1003
1372
1991
836
1446
2683
518
808
1179
2681
1369
1464
2430
1920
1460
562
703
3054
1711
2161
414
2209
1774
923
491
917
1184
2569
2937
1319
1789
2139
1230
338
776
672
2842
1121
2048
1102
859
472
828
555
1513
912
325
1818
2758
3033
2114
865
911
1296
1350
2549
513
373
601
3028
452
494
2838
2078
245
624
2404
947
1820
101
1006
1503
2476
2435
826
967
2155
1047
1636
1679
1670
1734
1204
2800
2890
1756
374
1487
2567
205
951
1583
2609
1809
243
731
1085
2985
271
289
284
1924
500
2041
1885
2012
2693
1325
1778
1675
2964
439
710
54
230
2825
1463
2859
1238
1701
1591
2085
2416
668
260
2383
197
2111
1004
2199
780
2732
1357
2255
2922
1866
1880
2622
1661
1236
1031
3003
1853
1658
1528
3038
685
2449
354
1685
1582
1536
1807
1183
2975
2712
25
2160
931
2206
1364
3008
2434
1480
2094
2354
1450
1181
2938
1053
1605
2553
2305
2061
1274
758
2103
2456
2607
1260
2520
2747
798
61
617
3070
1371
2899
2118
2939
532
3072
902
2955
2007
2306
2545
2927
667
1577
2216
875
2291
1194
621
2401
2824
563
811
2035
1948
2769
1039
1441
142
1292
1090
1439
2558
679
40
581
860
729
1119
1881
2764
2654
2926
1421
773
273
691
1313
1507
1038
2827
2616
69
1872
15
1905
1164
2230
51
2735
944
1347
95
1580
665
111
702
1247
1243
1859
474
2952
989
318
2621
94
2275
1717
2357
802
1068
1285
2630
686
1631
1376
1886
1343
38
1257
123
827
2150
1659
559
483
2389
1821
929
2131
2042
2452
680
1814
200
2828
1477
1349
148
2788
2328
615
2277
2386
411
1854
2220
622
1557
380
984
694
1234
1712
3020
1362
2331
99
1291
1852
1559
1138
165
2676
1152
708
1203
1182
80
1902
1931
558
936
1855
3053
335
629
1540
1695
1008
1114
47
1725
1172
606
1408
1032
58
2409
2919
812
1611
2349
2063
1321
1391
2104
1425
110
1223
2849
248
2991
510
2173
438
2479
2874
626
343
1249
1873
2176
898
553
475
2983
1984
2672
1994
540
2464
1571
1654
2246
2300
3025
743
2870
1953
728
144
1116
342
761
2213
2272
2518
1467
261
1510
1761
1842
1847
1682
1999
1808
1896
1001
2215
2205
2500
983
356
1015
1345
292
1849
2226
2900
1522
1865
2013
1681
1889
1165
370
2257
1957
1694
1817
1983
720
2797
2182
216
1262
392
1655
1127
2095
2503
328
1845
2696
1649
2189
2891
2720
312
2229
139
2384
2640
1960
934
988
1087
2056
2948
3018
316
2966
1355
1143
2974
1094
1275
918
997
1874
2755
2733
1192
1157
638
2646
2611
3000
2072
1259
1493
950
2057
713
209
1824
1892
1061
715
793
1805
364
521
1526
2963
207
1521
2876
1570
2957
288
1975
1563
1601
2590
1160
1505
1822
2726
1472
1059
3064
157
3041
2931
1802
372
910
2200
270
571
3062
2608
2612
2316
2010
2707
2920
1405
1424
1499
2321
2717
3057
539
2356
415
641
1508
405
2915
2040
2971
2685
1452
688
908
2153
2117
2256
669
2369
402
457
3001
430
2194
2851
1843
2381
853
2526
127
3029
2597
1904
2140
217
3051
7
226
2001
2428
2905
508
1610
835
1163
1386
899
701
1
2796
3027
2562
628
1156
1040
2848
1136
2812
2725
1279
546
831
509
2338
313
120
1420
350
2538
1413
619
2897
1673
348
2087
2742
2380
341
541
534
303
1705
1044
195
175
594
920
790
2143
1987
2301
1629
1395
2273
2746
2159
185
1667
1155
2947
1366
2174
2264
62
1506
2051
2092
1715
640
106
192
219
1064
2877
2231
1105
2893
1042
1224
1867
1344
507
2555
2448
2811
2972
549
1963
131
845
502
1440
2776
1444
2180
2574
2083
2053
786
2546
166
1007
765
1103
2665
46
1453
2355
530
2559
1838
1925
3035
1093
2234
1810
466
1245
361
2576
488
1317
536
614
1328
1674
1316
2624
1176
791
222
2190
214
1642
2487
689
2186
2346
1449
1418
1233
1793
757
3069
935
302
1088
673
2610
109
2236
2237
789
308
171
1797
2332
208
345
697
1546
2438
1533
22
1054
1760
2204
1144
149
282
1150
2241
2875
1976
973
2006
804
365
537
35
1455
846
1525
1404
2333
1273
1330
2093
2015
194
2627
419
1909
1618
639
31
479
598
946
1058
2397
1293
1266
1935
178
381
1151
1635
2514
1622
1590
1110
1331
1232
294
3002
2738
358
2605
3010
2509
2130
2407
470
39
2634
164
394
1915
962
883
1186
1433
2398
1766
547
609
774
2932
2396
1339
290
940
1261
124
1684
1142
726
241
3044
173
455
2455
26
2109
1599
1592
2495
2373
79
2718
698
1034
1722
23
590
2656
529
158
2980
1702
1542
1607
2568
2506
2364
3021
2925
1193
1501
2885
1417
2551
1782
2581
130
2408
657
764
2643
1370
613
2473
319
1222
199
422
1437
818
462
1133
1856
2793
1474
1219
2091
957
916
2304
602
1696
225
1148
1713
2962
771
2961
2296
2548
3065
1056
423
1390
2433
2429
2898
401
651
1368
1550
1409
2636
2843
2879
1883
2285
1284
2705
499
239
1055
2108
557
2699
2340
1798
2289
2867
1676
1738
1256
618
1981
89
1076
805
2697
1201
1834
661
2239
1584
2629
1532
2292
535
996
1033
2235
249
2426
2730
1517
274
3026
787
2946
162
2786
1787
1358
2170
1017
406
2317
151
881
82
1691
596
281
2994
2122
244
519
1406
650
416
2451
982
2244
2018
653
155
2037
2070
2324
2933
190
2243
878
3016
1959
2582
1021
1917
1024
2086
1462
2902
2392
2602
2195
2120
2792
2916
904
1561
84
760
1767
1594
2801
2641
1231
2862
92
196
2192
1538
1029
2036
888
2475
1840
2154
2997
591
2888
2959
2271
407
210
1665
1688
1206
630
1623
784
306
958
1609
2618
705
2749
2648
2745
528
1438
1212
980
1739
90
2219
926
2661
2936
2261
2587
2702
583
2175
229
819
2865
2361
2403
2709
995
2860
2388
191
1848
1933
2486
1388
1220
2584
1473
844
1431
133
795
1484
464
1800
633
1677
108
839
1574
218
1751
2680
2650
1169
2835
3011
516
2822
251
395
2691
595
1692
224
1765
2410
242
2655
2179
1092
360
426
2571
2457
564
1876
2054
2208
1100
511
575
953
671
2299
1572
1174
2882
2252
714
1558
1300
2626
3049
1669
961
351
1251
100
750
2049
1714
644
1603
1529
189
2940
2233
1356
2025
1940
2869
544
738
1829
369
1995
2839
3048
2101
1942
678
754
1549
1137
956
1026
2996
44
932
739
2113
1938
2353
770
2806
478
577
2532
1964
848
1254
232
1271
648
2949
2238
2290
1195
1989
1248
2044
2619
852
1436
1197
2472
212
1295
2023
301
347
512
1240
286
1759
620
1668
321
2896
2858
2684
1379
2483
96
2823
105
1868
766
1877
2830
442
1399
424
779
448
408
1832
1890
1198
1451
1706
2951
2178
2866
2371
1494
1502
2253
1955
1180
542
344
1934
2831
1322
16
2060
1862
586
57
1080
1762
654
1041
1553
490
3013
2631
1187
1836
2880
2334
2660
2513
998
538
413
2808
138
986
115
2821
187
493
506
2826
390
1091
1815
1125
2652
78
2029
659
2088
990
857
643
1014
86
1282
2739
1899
1630
330
37
2498
1107
2527
2912
2644
1589
2437
2592
1113
815
579
2754
820
545
1758
1595
2267
753
2970
445
1394
296
2777
154
2504
477
1075
1485
2142
1614
2016
1803
2413
481
1754
851
2757
305
2351
841
1481
1783
2414
129
2561
3006
240
740
1703
1936
2466
1288
1294
1615
2360
27
1750
1929
1753
2507
975
456
320
3055
2856
2645
3060
1663
72
1367
1547
554
2460
2789
574
1456
2412
1049
265
1333
28
2723
801
20
2816
1869
2077
1083
2737
1826
2447
810
1188
233
2577
211
1400
2310
941
2112
2748
1555
1587
326
2442
778
1733
2151
2954
1728
2322
608
473
59
1980
492
646
2478
1427
2028
1104
1552
1191
460
1457
322
259
2917
1743
156
3063
2505
2850
2844
2674
1496
1189
247
75
103
1095
938
1074
2807
2537
799
2148
1504
1471
871
2481
2374
1475
1956
1593
1776
599
1314
2207
869
582
9
2281
1063
889
834
2887
258
2573
2578
867
1541
2668
1002
1250
1748
2119
2598
1977
1280
963
2214
397
985
1070
2853
1650
2502
449
1811
2144
2750
1641
928
1175
2540
1043
3017
2168
1062
2115
2046
930
1036
1648
421
2393
2614
1819
1167
2805
782
2248
737
612
1901
2677
2601
2247
443
2100
2325
2124
734
797
1374
1435
1519
1626
113
1270
1568
1784
404
2719
526
1823
2623
1318
2268
2171
1129
384
2343
1283
2552
1828
1638
435
2678
1297
1651
147
2201
2586
43
527
2294
68
569
655
2692
2314
2187
143
2775
128
246
531
744
1586
6
91
945
2162
1221
2090
1363
1393
2308
567
2855
1833
2298
1718
1118
886
1755
1263
1407
1619
1900
2653
1878
514
1099
1627
2097
652
176
1216
3031
2344
1612
1954
446
181
2673
2863
1235
1414
2585
2911
1383
2266
2352
861
1166
2708
2606
788
482
2689
3036
2572
2440
1978
2052
948
253
1412
2639
2339
501
847
1985
429
838
1229
2102
2794
266
1634
324
2978
749
1397
3007
2878
18
1225
2873
884
1585
437
1699
870
367
2227
1398
993
2810
2847
1228
2405
642
2191
2188
2446
256
1916
2694
461
2137
2183
1171
2484
1078
800
1729
2411
2274
1990
2967
1825
1255
112
1307
1857
2279
727
1258
174
1341
868
2039
1565
588
102
3023
1986
736
724
809
2542
41
1543
3066
1664
2550
53
524
1839
1337
2557
525
2864
1215
1415
2781
560
3061
398
2521
1310
432
467
2945
565
24
2345
453
2038
1578
1461
1949
925
3015
2744
262
1515
1788
1680
48
1846
1375
2517
1910
2089
264
1908
2728
327
2494
1242
1997
1340
1813
1657
821
2295
2525
42
3042
1770
2698
2700
49
122
431
855
1237
1123
2942
66
1683
593
1267
2425
2515
663
1217
2074
276
1888
1023
1795
2377
1945
1448
2259
2185
503
2014
2918
1992
2218
2399
454
1139
1025
387
1749
64
1893
304
2467
1562
2836
336
900
451
1422
2136
3052
767
2116
1489
1966
1005
632
2615
1154
2443
1518
1052
1707
375
2372
132
2753
2579
1576
2004
1527
237
2895
1338
1841
676
2424
184
681
823
2529
1264
1069
2493
2329
1286
257
2989
2073
1323
2977
2123
919
2337
2761
751
116
2599
573
1226
2359
2820
837
2662
1744
3005
2554
1709
3046
2485
2444
682
285
1951
2002
777
1913
610
2588
1796
2762
3012
1402
1560
1097
50
137
769
2903
278
29
378
1227
2778
2774
2984
999
2583
1548
1575
311
168
1199
1891
939
1019
1490
1996
1735
662
2935
2751
887
1764
959
1140
1196
1801
2846
332
2924
2066
556
755
675
436
763
1046
1020
2501
2129
287
2342
1392
2459
2394
1700
1926
368
383
1598
417
756
2441
2047
1687
822
2075
2470
1443
866
2458
440
2780
2854
1161
1906
2385
1497
1491
2795
1426
1218
677
1645
1332
2260
1177
895
1210
2107
2832
2453
922
1672
2099
2845
604
2968
806
1633
2759
1721
104
2721
885
1465
2439
1329
915
709
2286
605
179
635
2596
480
215
2765
1639
833
696
1556
814
386
2923
252
2019
1082
968
1124
2400
580
2979
2489
1850
2543
1927
817
