2036
871
1356
762
2508
1229
329
36
1711
1965
2960
1520
2315
1519
2925
1271
2891
2410
2966
2749
1243
740
2906
881
2610
1340
416
914
2666
128
1129
2455
1720
1347
177
1185
2834
1224
2872
1889
2417
1616
2563
1578
2477
1556
1832
2099
1910
3069
2231
422
1473
2845
1511
917
259
1502
1290
1152
2035
1488
462
1760
598
925
1527
1843
268
1704
677
2640
1854
2413
2470
603
673
980
903
46
1237
1758
1042
2621
324
647
1500
650
2075
644
2772
765
821
932
2795
2555
868
49
1569
262
334
588
1786
2353
1972
505
1698
951
2750
254
361
1657
441
2779
1476
273
2051
1100
435
2554
1629
2983
2017
386
2102
924
319
2526
720
1510
774
2498
2658
702
2738
213
1875
1012
543
2893
220
1948
155
2450
2022
726
1679
2769
157
436
484
2086
2913
2570
2123
2557
3060
14
3054
2105
2125
1638
1496
2609
2230
476
586
2474
2635
1184
2518
2190
1602
817
1135
655
1686
384
390
641
1601
2365
1248
450
76
2019
278
1241
232
2005
1383
2041
1009
1336
215
2588
1887
3023
1714
1379
2206
1517
1354
1363
2742
1106
478
2001
1464
2126
2703
953
275
2127
2934
1985
1151
1803
2261
1024
2080
2895
2316
1339
796
2249
786
2032
2245
2819
2600
1670
856
2409
1742
362
3007
2390
1204
2346
284
1693
124
482
2992
2112
2203
1113
1979
2833
3064
1083
114
281
2309
2737
1374
305
1903
2702
1333
2236
2861
72
1197
1322
1767
757
1449
652
1301
3072
1652
1334
2695
1651
2414
1076
2896
11
1020
2023
195
1727
1195
1757
2950
1128
1546
1847
918
228
2851
654
2858
1472
407
956
1381
550
247
2089
2329
937
2603
1459
2949
957
2762
1210
799
1426
2605
1947
1323
1593
47
785
2847
439
224
2286
1528
2894
1592
1537
2033
65
1796
1790
2860
2338
1016
2961
1654
1814
464
1056
2372
1003
3055
2864
360
397
1116
2787
1222
2113
188
1557
2298
1283
2579
83
196
1311
1063
403
2386
1031
2133
1750
449
2824
617
2562
2189
2323
3032
1653
1456
1968
1918
968
2091
2039
2387
1034
1811
742
1571
2852
2862
1777
1873
1551
107
2093
209
1174
683
2030
667
2063
501
2572
1046
1746
111
930
984
453
653
56
1231
770
1531
2735
941
2177
1724
676
2581
2798
797
2937
2360
1181
1993
1402
398
421
1674
1855
2698
1725
2320
431
2302
1155
1326
681
1501
1212
1615
1799
1954
1792
1888
1605
1469
1710
975
198
2689
1841
2290
1564
1370
1904
1709
761
288
1713
1741
1821
2088
1916
1744
2232
1225
2874
1541
1722
2617
1375
527
2565
2055
518
1337
1436
536
873
2270
3001
1287
1732
2266
1035
1023
3030
427
2962
2899
2199
1284
2766
158
1836
1738
70
371
487
2844
1158
2087
2778
657
562
2096
2157
2935
2865
1437
1390
1944
896
1770
1618
1580
2057
2138
2109
2048
875
1320
718
2931
1479
3040
2392
678
1810
2334
475
2655
2211
746
2326
2024
1596
3019
1219
1315
999
2951
1084
1797
2929
959
176
635
1198
94
2675
2140
2198
979
2495
794
1775
1852
2618
2263
3004
1295
2715
1043
1788
1539
1504
122
1486
1193
513
986
2295
1470
607
270
1268
91
516
117
1161
1121
1266
298
2431
1044
1148
1996
1149
2612
1607
335
576
538
201
1451
1574
1524
3008
256
1515
1064
2333
533
287
399
2150
1122
2780
197
2594
3063
1678
7
2152
2305
2219
1553
514
1804
1177
2398
2585
214
333
2297
727
674
352
1109
2516
1813
3033
2004
80
3048
1011
3057
2478
1039
2808
1942
2408
2135
2158
1117
2549
1276
1013
2092
1462
596
50
842
696
1199
2768
226
1876
2667
1077
1235
5
1623
496
2831
897
789
2725
3028
341
2162
648
2355
1645
412
2690
1205
1681
1949
2622
58
1941
1433
2465
1774
145
645
1466
2107
286
1864
2543
1032
962
266
110
1255
2083
1097
776
2998
1632
2538
2459
365
1961
2273
368
2170
2210
2876
1303
2354
2900
253
1201
280
867
1299
950
1682
429
1159
395
1428
446
1712
1286
2807
357
845
2229
1118
1202
1017
2422
2493
1307
16
2432
474
2744
1361
2583
3014
880
1521
878
54
2186
2993
81
1518
2246
1871
1890
1455
442
852
1683
2228
2849
1047
2440
189
2604
3021
1398
2331
1302
499
2754
1395
2743
3046
1507
1862
1126
1089
1851
2132
1163
1081
3068
2313
1735
1773
531
2223
523
2483
321
131
2974
2841
2652
1200
643
108
2628
539
2842
1294
237
481
996
511
2159
2641
2240
855
2883
2259
2803
2255
2146
1316
2850
2361
2370
2400
2066
2693
95
244
13
2122
2271
730
1685
1696
2789
1798
1913
2256
1146
472
1444
1661
2763
2823
190
671
1314
2989
763
2752
1929
1930
1127
425
737
1154
1194
2306
385
2643
2304
1658
1332
2044
2800
1699
2683
1207
448
605
869
1891
376
2827
2536
2169
2923
1419
2053
2796
1715
274
2765
1176
1998
102
2642
3043
1099
1688
2888
1291
2368
1514
1215
2468
303
808
1967
1239
1737
1937
2277
2453
1671
1752
573
1901
803
1568
1824
2300
911
1331
1931
2997
711
458
1220
1964
2339
2248
1435
555
1540
1397
2046
1600
2682
1694
507
3003
627
73
2656
2548
1350
1454
1460
27
1909
2426
2192
2776
876
656
2941
2985
1628
2884
1544
909
509
404
2100
2909
2741
532
768
2095
600
2010
351
241
408
1581
1474
2407
703
86
1662
2890
1969
2840
992
2731
2631
974
457
1781
171
1846
1765
2784
1659
2947
389
1608
240
548
1935
693
2576
2416
1368
2589
2184
2674
1434
1729
2650
393
1882
1604
2602
492
2783
2963
2145
1190
1191
2497
2335
1010
2601
2753
1014
1364
2770
2242
1060
1036
814
2144
2015
2903
2531
1516
199
313
2697
1037
2988
2073
861
2172
1912
804
1885
706
888
2500
707
1589
1740
1005
2967
1378
2173
2688
2061
1262
2059
1812
1749
1923
2235
1313
1529
2161
2945
1142
1351
2405
710
2367
1897
1306
520
1108
218
502
1958
862
1576
2204
342
1594
887
239
1780
2826
2384
1921
132
2406
2936
1898
1105
582
2696
2166
2469
2212
1509
890
1000
1624
409
477
2445
1542
144
3016
3031
838
490
1457
1261
1192
3050
651
931
515
1253
725
180
1545
1532
905
2691
717
330
2196
2378
2901
2221
571
2775
2292
2463
151
899
2946
1817
260
1300
1975
2569
179
1763
497
810
1957
2155
510
1754
1420
443
2722
1982
15
829
1971
2810
1263
1665
1905
567
1928
3002
1153
184
839
2577
1495
1211
2791
816
2462
20
2049
1587
493
3042
2476
223
2815
2268
2143
850
312
753
2452
1308
916
331
178
1066
2415
564
295
1823
2097
2812
758
724
2423
832
2930
2262
3000
137
2533
1795
231
1807
636
454
1157
355
1567
2927
801
67
366
2377
19
779
2733
943
2174
2352
787
1956
2289
437
734
1892
1800
2599
577
2756
847
1850
616
731
1318
1793
2272
2291
1101
444
2047
2905
891
646
3041
1173
1914
2558
686
2521
583
1513
701
1382
1213
1227
2444
471
2987
2684
3012
2821
898
2224
116
2480
89
1246
414
2794
3029
2777
2020
2781
2981
2880
1096
1766
2168
1633
2337
530
2745
2442
1730
1643
1743
1156
1506
2716
2013
2694
2608
3026
2802
2582
2501
466
504
2425
2917
130
2959
1920
2037
2513
1612
1138
1188
2311
2280
1349
1950
69
3035
1209
1705
1341
893
1418
2226
1421
1644
1925
1442
2907
1019
759
1872
1022
1558
343
2389
2321
112
1360
3036
1838
705
1352
1487
1365
2121
2566
2466
1772
3027
892
1755
2760
1485
2247
1269
1719
207
2283
1112
859
103
1104
1630
2709
2519
1134
202
568
1094
1908
690
714
2115
584
1655
1762
1247
1325
601
169
2130
381
216
2848
2008
2590
1400
1027
1058
1232
2659
1298
1830
699
2681
396
795
3045
767
314
995
2359
2296
23
1677
1137
430
990
2806
246
820
77
2853
2670
2616
1955
1070
60
167
136
1393
1801
480
618
339
2686
805
1450
754
692
147
2953
2421
802
1565
1168
2755
2171
211
2843
3010
2000
1960
3018
591
1858
1868
2708
2131
1413
1550
2486
447
579
2081
1591
2369
2630
2082
62
2663
1503
2676
500
1082
563
972
149
317
629
2757
2991
1355
2114
587
2375
1776
311
744
2288
2
1388
3044
2269
553
503
2380
722
1962
1230
1272
920
2898
1631
2868
633
2746
2330
2489
1090
1405
733
2274
1343
1991
590
659
1310
2706
2878
1893
2134
160
1369
952
2648
279
1478
846
2846
782
3
1672
798
963
44
164
322
2028
1845
716
1273
2918
2251
1980
1829
2393
2003
2986
2758
394
1494
1062
1668
1584
3056
2855
2084
438
549
2524
1926
1492
1585
2156
2142
1499
1095
2411
756
2614
977
8
2050
1802
1051
1805
1317
265
1178
1169
2712
773
1387
173
463
541
22
419
2813
1409
153
921
2680
771
517
1606
1626
944
135
187
2507
933
1981
2854
2870
28
1809
2183
2187
1856
2984
1091
1588
186
2034
1771
2485
1407
1883
1057
854
2938
1167
1353
411
2374
2069
2449
2646
2575
2828
694
883
2726
2252
2574
2517
203
1123
715
2711
1110
2064
2441
2916
723
48
848
1406
2194
1289
1924
1526
3070
1842
293
811
822
2074
2511
1001
113
3037
120
2710
2281
161
743
243
1050
2332
841
316
2718
2108
2920
1423
2838
2867
1936
300
2580
791
2571
1549
1900
358
836
2624
2265
1818
1280
2482
2515
1819
1621
1053
2067
55
2106
512
2560
2990
778
2076
1264
960
691
68
1384
1065
2837
2727
2208
2529
1675
193
433
96
1791
697
1465
1636
2980
2448
684
2544
1166
2325
780
1946
1458
1376
634
78
2180
2736
26
649
1753
82
534
529
2625
1848
528
402
217
3009
1228
1566
922
138
2175
248
1414
508
1895
939
2982
2205
2551
410
2724
2191
934
749
2793
1844
1338
626
2539
2705
234
967
1970
2669
2973
833
2859
1327
53
2626
2908
2182
1939
346
1068
1480
1733
2919
1932
981
935
2460
882
662
208
969
858
1335
1610
2525
233
2467
310
895
194
1048
2994
2220
479
1175
3015
552
1695
3017
489
2685
2014
2774
585
1078
159
2657
639
1251
1988
1115
252
373
1573
2629
2090
1491
3061
1706
206
379
1547
2948
1978
1976
1
2801
2620
1952
689
1490
123
1666
6
775
1018
2595
1536
524
3071
1906
1560
2357
101
1214
1508
2672
359
1481
2237
267
309
2427
1734
1999
1045
467
712
3059
2275
2347
125
2341
1357
127
1025
269
1716
2301
1004
558
150
87
2771
2027
1640
857
387
936
1538
2471
2428
183
1808
1826
1180
1257
1143
2499
2809
1075
1394
2522
2816
660
1432
251
1285
2804
1281
2958
156
2593
2139
559
2340
1747
670
1700
75
1769
728
2904
1880
828
1216
79
301
2181
574
2542
115
547
1362
608
1040
1274
1870
1252
1438
813
2723
39
2472
1586
141
2952
3053
382
2279
1422
327
2969
1523
255
337
631
1684
2385
1963
783
879
350
2225
788
1133
1582
2276
1441
597
2943
622
2644
3011
2324
2965
2443
104
118
498
2573
663
1085
2785
2382
222
784
1756
2342
545
2882
2751
432
308
245
423
1061
1522
347
1055
1392
973
1079
1304
1622
901
3052
348
2401
2879
666
1663
2299
851
2692
1570
2704
1067
658
949
2889
2832
2730
1080
1342
30
1983
806
2968
2720
2679
9
1673
1647
1391
2653
1111
2818
894
2587
250
843
593
1559
1635
1358
1637
2264
2363
1642
991
1107
1415
2729
2484
2623
2349
1186
106
2546
1218
709
2345
59
976
721
2307
2939
866
1346
1359
1489
2434
2535
624
815
1445
452
554
2660
993
1879
2260
2537
2492
2606
708
2111
958
2788
483
1866
2996
1634
1899
2391
326
1259
336
1475
1728
2006
1256
2284
325
2461
912
2399
2054
623
2201
570
837
2639
2116
84
736
257
356
428
2552
2814
2910
2979
2613
1669
2070
2707
640
2510
522
2488
1324
42
1072
602
2863
606
2836
2869
2530
1822
2397
2403
2568
1945
2285
809
2381
2678
1768
830
1911
2314
367
835
1603
1535
2611
1614
793
2149
460
2308
2647
1690
1853
834
2098
1874
1132
1124
417
289
261
739
1902
1533
729
2932
1410
1849
621
1002
1446
2559
1994
844
353
219
824
1282
556
1789
2062
542
181
1401
1103
900
2636
2429
1171
987
2699
599
1884
2179
1429
1267
168
2541
3066
401
1183
3065
2911
1278
391
2129
1396
2457
904
1073
2805
2439
1620
1575
738
732
1927
2971
594
2238
578
165
2379
927
2424
90
1250
1783
2383
2728
1583
2148
2512
506
2438
2547
1147
2825
589
2056
1860
1534
1275
965
1816
745
185
2120
831
672
2176
1825
2218
1827
2239
1505
134
1815
565
1404
486
997
210
620
1840
1943
2071
2021
2267
2922
2598
170
2147
2527
1305
2924
2491
2885
1703
1687
191
923
1408
929
688
2677
2661
277
2215
2195
2561
870
2018
1761
1242
2632
282
2254
174
1896
2052
2567
919
1820
420
2241
748
2396
2336
2124
2873
229
2615
43
2253
1309
1297
126
2999
942
2446
2303
374
1697
139
1973
595
2430
1377
2944
227
2418
1028
2877
3049
109
638
772
1071
807
2811
2217
1660
33
1881
51
418
2058
2964
2514
52
1878
455
290
2523
182
2464
823
2556
2955
2119
1609
2767
485
3051
872
1217
1865
272
1951
413
172
2817
406
2645
1498
1471
2761
205
1160
1102
1886
2540
572
2312
1877
1234
557
915
2038
2822
1288
61
1389
1723
2977
473
1680
1692
142
1990
664
525
2897
2351
989
819
592
2436
2160
2668
970
669
369
2185
1069
2165
2790
380
1054
1828
2085
913
285
2104
2077
1664
129
2721
283
1619
632
1764
488
1894
1131
372
2875
1461
2797
1007
1525
2700
619
93
162
2188
630
2317
1468
2592
2447
1038
3020
1030
1443
2451
456
3006
434
2637
1987
1676
1650
1292
1182
392
1120
1119
864
2025
1667
2065
906
405
1236
2740
1555
271
318
63
1953
3034
1165
3022
3047
3013
1319
2227
2545
1440
2830
2214
148
37
92
1778
2007
961
2319
299
546
1484
1221
865
2496
294
954
242
2072
426
1785
994
2532
2782
306
2435
440
1917
1839
2972
320
1736
364
2016
1577
1277
105
2673
494
946
777
1857
1561
945
604
747
1915
2734
2633
2665
1164
2458
1033
1646
760
100
1708
1834
610
1245
1493
1114
613
375
661
3039
2479
2921
2151
85
133
1512
140
212
2719
344
1452
2902
2310
2739
877
1380
825
840
908
2584
2350
1483
1015
1187
1366
2029
2759
1254
468
1029
1922
345
1344
2402
540
154
2933
99
928
1702
2687
175
465
2433
315
874
1203
88
45
2078
34
1240
2207
2970
1863
947
2701
2995
32
1627
2871
338
1329
2404
263
1279
297
713
1403
860
1093
1244
1497
119
1092
685
764
642
2748
383
2651
1373
614
2178
2892
1463
1613
569
1026
907
940
964
1206
1385
1731
1006
735
1745
97
1835
2717
2012
988
1196
1989
1997
152
1258
1959
24
1447
1617
1641
238
698
1125
2376
2356
2258
575
377
2202
2564
884
1861
2344
143
307
1938
1482
1867
682
1779
537
966
2942
2866
2714
354
2912
948
388
2110
1649
1787
2137
1238
66
1718
2318
1223
2454
1088
1639
2243
304
910
461
1249
2553
2456
2839
459
249
2887
561
2167
192
1430
2857
1372
2503
926
1086
827
687
146
1689
2534
1345
1552
2799
679
1087
2713
1784
225
264
2079
1260
2244
889
818
2364
1919
2011
1371
2287
2792
1412
2881
2886
978
2250
637
625
2322
166
2362
752
535
2328
163
971
628
2914
853
2371
2293
71
445
751
3005
1986
998
902
1648
1041
3024
3038
1554
2957
1656
328
2128
2031
2009
1328
955
204
1233
1782
470
31
1453
1726
2213
2481
885
719
2528
1721
1598
1831
560
2915
296
2473
665
1974
1170
1162
2586
2002
800
2278
1008
2578
2591
1424
580
1021
1984
566
615
985
1579
2294
3062
675
1439
17
424
1321
1367
1751
2060
1572
2654
29
1416
2490
2163
1691
1934
2358
21
1562
200
1739
1172
2649
668
1933
2257
2141
2773
2118
755
2494
2978
57
1707
2153
1386
519
544
121
2327
1049
98
230
826
1052
74
1977
695
2366
863
1992
2747
2975
1130
2671
521
1293
1748
611
982
236
2412
3025
291
2395
2103
1717
10
2550
1226
12
1563
2419
2043
1548
2234
2068
18
2216
2954
302
2505
415
1759
1296
2045
4
2200
2388
276
750
2829
2940
2343
1794
2619
370
1312
2233
2627
2042
2634
1348
2928
1265
40
2662
235
35
2607
1837
2094
2976
1425
1611
2348
609
1136
1597
886
1417
2856
258
2487
1477
2136
1330
340
2732
221
1144
2664
1141
2596
1189
3058
1150
332
1833
1995
700
612
378
1059
704
1625
1966
741
781
1145
2193
38
2040
3067
2117
812
2420
2835
2373
400
680
2197
2638
526
2956
1701
2164
1098
41
25
581
1411
1543
1431
1530
2506
2282
491
2597
983
1179
2437
2222
1595
2154
790
1399
451
1940
2502
363
551
1208
323
469
1907
64
349
2786
2509
2520
1590
495
2026
766
2209
292
2101
1139
1270
1427
2475
1140
1869
2764
938
1074
1448
2820
769
1806
2394
2926
792
1599
2504
1467
849
1859
