2350
714
2722
1921
2274
2191
1924
2501
467
102
1442
2937
228
1868
1176
547
2235
2364
1477
1108
1121
960
2717
1793
290
2129
2645
2767
1221
303
2842
2928
2214
2285
881
2399
1060
111
2783
2978
1401
2272
485
3034
2881
797
2397
1394
83
2933
2111
608
2303
639
2727
1850
1680
2173
366
478
2743
616
2225
403
2289
417
502
955
1696
2744
1073
2414
2893
1767
2649
1520
1862
1529
2535
1406
2199
184
1630
1729
407
1193
487
2887
112
2491
2396
836
715
1633
1181
1447
1398
2402
2558
1069
2760
1993
1996
274
1800
937
1834
1830
388
1723
633
2705
80
1123
1114
2022
1617
1743
2450
2652
1970
1712
65
1042
2423
618
1669
1149
1606
1435
913
646
2001
1358
363
278
2484
2752
2478
888
2924
1279
2973
2298
217
1222
855
1344
640
135
1969
221
1178
2140
2682
1322
2634
1491
1964
1835
2773
500
2669
1828
831
1537
2165
2218
1987
434
644
571
305
2637
2798
949
2112
2615
2028
1941
2452
474
1372
2269
2907
1860
25
2166
694
390
2683
1377
2593
750
790
3009
402
1704
2230
1632
1471
2878
907
2374
1638
2128
1782
2947
3004
1201
201
1218
2351
2840
1824
2532
900
956
2019
2514
317
2726
2611
658
1219
191
760
603
1566
293
2059
1323
96
2678
798
1275
2807
2007
3026
1504
1428
483
2330
1321
1701
1553
518
1059
1971
2215
262
739
2976
1457
2114
1319
524
1441
2198
2953
1006
757
1277
1549
1757
1661
2547
2943
452
517
1437
2322
1339
1796
108
66
684
1361
1119
1503
2919
133
1160
2503
2061
269
1881
2631
196
357
299
2336
495
2055
511
2244
1253
3072
1143
1084
1487
1016
3025
1366
194
1592
657
1443
894
1953
846
2083
1185
1419
915
1365
1889
1342
2366
627
1724
2081
1952
1525
2367
856
1801
41
2032
1324
2016
63
399
223
155
389
816
964
2255
1288
1357
2602
2605
1174
1539
2813
1848
2153
1817
865
749
27
601
925
43
2766
724
883
2029
2444
2318
1134
1890
590
1927
2565
1309
454
1654
395
3035
858
1186
340
2250
2591
52
212
1005
2833
1038
1789
1120
1403
541
1190
2696
1300
432
1106
1021
2115
170
419
2926
2006
370
1746
1445
2709
1291
1839
2570
90
1093
735
918
153
1466
1272
2185
2462
638
2483
3064
287
2577
2581
188
1461
1690
1760
1861
2237
2104
623
1238
206
2880
2778
53
39
2264
2851
2316
758
725
1373
2130
261
1066
1613
1735
1944
562
2311
740
2097
600
2234
2815
1312
1804
1612
1545
1531
1949
1153
391
1524
2749
905
2368
451
2220
570
398
1036
1775
122
2716
2008
91
824
2172
1550
2700
2201
2684
2442
604
1619
2836
1244
2608
107
963
693
621
718
2854
2278
1948
2251
428
2895
2571
2295
1814
2964
1292
2060
72
583
2923
2051
2693
512
134
934
2193
1163
1507
2227
208
1425
174
1940
521
2600
1829
3057
1156
2553
1484
54
845
2741
1415
1050
126
901
2445
1026
377
996
2888
128
1154
2560
593
1239
1589
2099
1475
23
462
2770
2785
698
214
1747
3046
2094
2033
381
2180
2556
2054
2095
1823
1522
1086
606
498
1528
965
30
2914
917
2677
1355
1379
2401
2870
2651
56
2607
936
2179
3059
93
1563
1907
848
1763
1243
1002
1054
1345
412
1287
1078
880
944
2982
1950
546
1000
2494
1821
44
1431
2793
179
2131
2178
2646
2050
1273
281
2797
2416
2920
2816
2512
2116
1717
2417
1840
2544
328
868
999
2567
284
2320
276
2319
1780
776
513
1081
1622
2846
1363
2930
397
2663
199
873
1226
2991
2954
3020
1985
251
1629
364
147
1080
1646
2186
356
1674
2629
265
2027
733
1620
213
1725
2301
1887
1874
1791
3071
2108
1141
2124
2515
1483
253
2534
1597
991
1240
247
341
624
2136
1618
1184
2021
540
1790
2737
463
239
2102
1858
2248
1217
522
1453
219
1468
1056
2794
1869
1329
2873
2426
2352
2660
770
850
1014
2428
2190
2750
1591
2540
2861
2822
2413
596
1577
1875
1043
1898
1112
2921
2694
1564
1841
361
578
1369
171
550
2063
560
1470
1854
1351
6
2500
813
1872
1446
909
2530
3055
2550
2777
2243
1518
1699
2447
2056
1146
954
2211
958
1064
297
2380
1384
1047
1511
2551
971
2820
904
924
1207
1833
1658
162
1427
1362
2216
466
15
2667
84
778
55
1621
1421
1211
2618
769
2429
772
231
2808
2497
2712
2049
362
464
1248
2714
903
2601
2525
1810
574
1118
2569
1232
2317
1913
1252
2692
2795
2261
2529
1880
415
1901
2517
167
1327
197
1926
2091
921
2079
2144
1807
742
146
2155
2043
314
2039
1750
2077
313
2555
1990
2430
1456
2357
2090
704
2563
92
8
2282
1609
2941
2291
533
1436
1637
156
1463
3036
2069
242
19
1778
1805
2046
543
635
12
1413
2586
1
1422
2026
2526
2790
2297
2759
2422
2917
1864
2546
3021
2415
2863
1713
1132
2905
897
2479
1343
841
1131
22
2963
2222
833
163
233
480
2
392
957
1923
2394
2425
1895
1212
1947
2187
67
189
2113
1465
876
2332
3058
1506
2945
315
1914
785
1179
2096
285
1318
1008
2213
2314
1385
2671
804
298
1883
2475
1018
215
183
2588
2589
2622
677
58
2896
2621
940
2371
1994
558
2951
782
2802
872
1469
859
1430
2072
2365
101
1663
1653
1519
1664
1769
2689
559
2889
1968
1641
2254
2377
165
1268
1556
1707
2014
2284
1191
3061
1844
748
306
1739
1702
359
2834
1293
2175
1444
2182
1346
383
1241
2338
1811
2404
1399
1816
755
998
2499
1576
1302
1200
1999
2850
1336
1908
2327
682
2076
207
368
1479
46
1124
1474
493
2830
2959
475
2832
1199
1731
2592
1925
2568
1380
923
2946
1710
3000
852
1581
2690
289
1859
1975
759
1168
1092
1494
1659
115
970
1028
705
49
654
2644
149
248
1133
427
516
818
2505
1647
800
40
492
373
664
181
2561
1065
2507
2993
1580
1688
842
2701
1122
291
2824
1142
2916
1109
1316
1765
2734
575
329
2162
2831
79
2595
1527
1303
1965
2935
642
3018
1159
229
1711
832
200
2037
1448
1249
549
1301
2906
78
1678
2957
2583
103
2516
2359
2635
2383
3003
318
2874
1935
1951
2868
1257
1614
1283
1666
31
431
1672
425
2938
3031
1334
1541
1730
2490
2461
1260
266
1977
805
1052
295
763
899
1478
1973
1473
2826
286
2048
1079
1259
878
2913
190
222
1096
1578
21
2236
1340
132
537
1485
1863
64
647
2686
1074
374
1902
853
2981
2205
187
33
240
555
2405
1278
2900
509
885
2950
416
1269
2262
2024
393
496
193
100
2642
893
202
2506
2270
2986
2698
2424
551
1670
2962
530
1035
175
2636
423
1414
707
1984
2742
1400
862
1552
138
730
1348
1820
304
1976
2290
311
2542
76
794
2232
2038
1827
1115
1017
1423
1126
1041
283
1593
1744
3067
2738
652
2845
1905
2477
1692
2688
1410
1173
2999
2731
1676
50
1956
1029
1544
1573
2403
1773
1070
113
656
2334
752
1533
164
3039
2695
726
1777
2860
2335
587
2664
1806
241
2449
1932
227
3
789
439
1266
721
51
2041
875
2217
2711
2912
268
1195
1482
1396
245
1451
2181
2859
1196
1223
994
178
331
2441
2538
2899
1205
2949
2869
510
2599
1192
712
2829
2965
795
2818
1929
1262
2101
2342
1188
799
160
557
1162
2446
1687
884
16
1285
2966
3042
2564
719
2670
2454
780
2196
2885
1752
348
503
2661
597
2801
1602
792
661
1150
1107
2455
1616
1256
378
358
2835
1728
250
1177
224
952
2508
629
2118
1727
2582
185
2075
1022
345
1691
2482
2246
2847
1063
3050
1094
1228
2774
2821
2704
1210
1282
2427
906
1294
641
252
2641
861
2811
3056
2697
1155
2531
2866
1686
2168
1408
1314
811
2419
2597
581
2064
1039
1375
741
506
1104
1083
2575
835
95
2614
863
1509
1349
1116
1003
1097
1792
2848
2765
1937
1242
1148
866
2240
3014
255
2343
1911
2623
332
2502
110
636
1095
166
793
2890
1265
2315
473
628
1326
1740
1954
1024
1020
443
1774
667
2000
630
1768
141
1496
2307
1562
2936
367
1568
145
1087
1147
953
2856
1933
1849
2062
1569
2643
1904
2998
961
2573
1183
2256
2576
2200
1836
911
514
2680
747
236
280
169
405
2177
1838
1628
3040
1434
568
1033
2067
1879
1946
1737
2109
2974
2977
1027
683
444
2800
230
1683
2375
1053
594
1867
561
1378
2522
1100
2154
1642
839
1636
2995
1853
1267
1125
2610
1395
1991
351
791
1464
211
1044
2204
1983
2627
99
490
2909
686
922
249
1813
1389
420
1164
980
204
2134
2624
10
2057
501
2817
3023
86
2708
246
975
2457
13
326
2844
507
2400
1472
895
1062
2739
429
564
3066
2053
476
2925
1101
2388
458
1057
1289
426
301
2146
696
446
653
2810
787
3017
2242
1082
2052
1432
168
722
2381
1136
2955
867
1543
61
1387
1055
148
216
47
612
2326
2931
1250
2481
1776
2468
182
1787
2769
2768
447
2879
702
35
2804
2147
365
1455
2385
734
1236
2584
626
45
620
1809
2219
2867
1651
2758
1936
372
2275
946
186
2197
754
978
2231
114
2656
939
2323
1656
1608
2239
151
950
2897
2066
1015
544
1610
599
2148
827
577
2300
172
2280
2574
3006
2325
2159
2013
1855
2806
1224
1407
2229
837
1722
982
2045
851
2084
1583
2387
3073
1298
1818
1429
691
1799
860
2302
2117
2202
984
272
1051
1333
727
85
2910
1099
2093
2192
1897
2969
968
2304
482
2725
1535
310
2333
2498
2939
470
1754
2735
1130
2837
2968
2473
1295
1526
1582
344
1574
2763
2625
891
1733
1297
150
2789
3022
14
2119
2536
1460
1046
137
88
2106
81
2031
2110
131
3028
2023
2779
1085
2940
764
1040
1601
1808
1229
692
2407
477
1320
1500
1596
1367
908
68
1103
655
1139
671
967
1439
36
746
1449
2990
874
674
849
1067
580
1845
440
1364
2480
2566
1490
2451
2252
469
649
143
3047
1667
2208
2658
1247
1779
1368
127
2324
161
1825
1639
2122
3043
2523
410
665
2195
1715
1127
288
123
2796
1102
273
602
2047
5
2012
1694
2562
2288
1452
116
34
2557
3041
2871
2674
2421
1220
130
396
1418
2073
2650
2259
673
2612
1600
2135
2980
1412
2598
2762
260
1530
1888
2121
774
3002
2257
2659
1111
2138
2511
877
2393
436
2340
815
678
992
771
1720
324
1756
2210
1604
1157
3024
1233
312
369
634
1762
765
2819
1685
2345
1438
2286
1286
808
448
2883
2843
701
2720
929
2459
2609
1587
3015
2780
2892
786
1276
455
2369
536
349
2983
2877
1598
2384
2572
826
2011
1771
2440
2194
1382
1356
1559
257
2948
625
2080
584
1753
912
2849
1885
1866
1644
1697
330
1255
334
3045
713
822
2372
2206
732
2681
930
2088
1831
887
1397
3051
2787
2470
645
2489
1681
1916
1393
1624
828
1571
2020
1718
676
1480
1852
1010
2003
1354
2655
159
1910
1486
2438
48
2465
1307
1030
2665
408
1896
2585
2944
2932
1353
1795
585
751
753
2972
1013
716
294
2666
2273
360
2164
1594
2392
2226
1742
1376
2901
2545
1894
2747
1335
2471
1383
988
840
529
1958
987
2630
1759
2265
2025
523
2875
1962
1258
1337
2805
2828
342
2089
1296
1206
668
803
1231
1548
2086
951
527
1505
9
1920
1785
2803
411
1988
2009
346
1189
394
2463
1648
1673
1341
784
220
2918
2142
2685
117
2934
3038
2594
2157
2143
1216
504
226
2855
531
1072
545
2161
1089
26
1263
1882
1167
1938
1426
1245
62
986
1877
235
1025
1045
2486
1137
1001
136
1819
2713
817
2158
1930
1751
1705
2018
1584
1151
1599
689
2412
2078
2189
2156
889
449
20
2886
198
1495
990
300
1129
2071
2518
82
180
1671
1781
271
2339
2814
2510
2355
710
857
2309
3032
234
1304
176
1567
2894
2841
2864
3065
1963
2145
2299
1682
2163
465
2362
2260
756
1331
2170
2434
1627
666
254
2626
2085
2139
144
1758
582
2668
119
1512
2125
773
1214
1194
2160
173
1075
810
508
1748
1607
2347
1891
933
777
779
542
2788
1741
1662
1171
2596
414
2740
700
11
532
2363
2865
1675
1310
1502
3063
3010
3069
2432
1135
1371
1476
1603
2823
1611
158
2771
1851
1165
2005
871
598
1995
1837
2420
1347
2150
2772
2224
1945
3060
976
2391
433
1498
1012
386
660
2328
1237
1305
685
380
2358
1721
1315
1826
1462
2241
2987
2035
2679
614
2707
120
1698
1986
279
1251
1873
1187
142
1989
1197
1784
2799
2042
1974
2960
3001
177
814
2361
2587
456
264
1615
2137
3048
3053
979
2439
2356
1234
2082
1409
1798
898
2337
2527
2710
890
1330
2308
2872
1037
350
384
566
1570
3019
819
2539
2268
1514
494
1175
2985
2418
1117
74
1726
2754
1169
2223
2126
18
489
768
2956
2212
491
801
1967
2524
3049
1202
459
2775
1978
195
218
1497
2207
697
338
258
2276
632
2791
997
1534
437
761
2613
993
538
643
2509
2044
3008
238
1009
617
1270
1152
2521
1665
945
2245
210
1766
672
1076
1555
2882
1290
1846
203
71
1360
2640
3027
1903
1560
89
1492
2776
2281
2017
1068
1595
77
528
1071
919
1145
1513
140
1510
1919
681
1634
1007
723
973
820
2065
2541
1180
1208
1515
526
3033
525
457
308
2706
2015
2784
1931
2346
1392
94
1709
2433
974
886
2970
613
1532
1110
1755
1847
296
1034
2579
539
1405
3013
1325
1689
2761
679
1090
1590
2839
1454
2548
1783
2474
1311
775
1388
1416
1917
385
1736
1458
2961
1899
2672
1625
2305
2992
2389
121
1788
2809
2456
157
610
1317
1832
914
2203
1281
1812
554
637
2504
263
972
270
2528
2004
535
1957
499
430
1870
2639
139
347
1306
2344
589
1031
2294
902
375
2105
1700
1856
1213
1225
1909
896
882
1892
711
2279
1023
1542
2718
767
438
106
325
1865
729
2435
1481
154
3029
2719
1261
519
869
2395
1822
2133
1959
2360
471
3052
2988
1565
650
2745
2997
2989
2653
2590
376
353
75
1770
2296
1871
809
1271
1546
2354
609
1980
2141
125
97
1652
2188
1554
1381
2862
2370
337
1966
2376
2448
400
662
2911
2074
1215
788
1004
1540
401
573
468
275
1772
2699
743
1558
42
2942
2058
1650
1032
1411
2409
736
2958
205
2702
418
2467
892
1182
928
2903
387
1450
1328
4
1626
1906
1140
699
333
981
572
2353
989
910
520
703
1693
282
1198
1734
959
1161
2543
2782
1391
3044
2729
2723
2952
3070
870
1706
1557
2884
854
731
567
2406
1440
1209
1284
2151
592
1254
586
1716
708
962
2127
619
1088
1338
2619
152
1886
1264
2751
1417
806
802
2267
1942
762
738
1657
1643
2132
821
1695
675
2858
2258
259
1299
2756
2386
2171
1230
1918
1091
1459
486
2100
1972
32
1572
1575
2092
2266
1517
442
441
825
2496
605
2853
435
663
109
371
2253
2310
1815
2996
2519
2349
1878
1538
1246
1166
615
323
948
2755
1235
1488
307
2437
3007
1749
1501
1635
916
2633
2606
1204
2617
322
1761
2002
302
352
28
1144
947
1420
2287
2348
2036
591
104
479
1586
2277
2620
2857
1588
2898
1708
2184
1274
1679
2176
2616
124
336
781
267
1982
807
1489
2513
943
2070
243
688
2675
2838
1467
29
2221
382
1113
1876
966
2293
2169
7
2876
1499
812
1719
2891
2554
706
838
1645
737
2464
118
2466
920
2927
2979
1884
579
2520
556
1158
2495
2329
534
2552
3062
1352
2578
2312
622
2792
2492
2040
1928
2313
1961
1313
3012
277
2283
2030
2733
1374
327
2904
1077
1631
3016
2408
70
2167
292
1842
2715
843
2398
450
2902
2453
3037
2443
847
421
37
927
2341
2628
2379
445
728
1170
2493
309
2010
2183
687
192
2687
1745
744
2472
595
237
2410
2728
659
2152
938
941
1797
2929
2098
2411
1640
2103
1677
2827
879
932
2209
2648
2975
343
1508
1227
1934
969
2757
548
2721
829
2533
515
497
69
709
1404
2382
2321
2087
2603
2390
3030
1732
1912
38
1943
3068
453
2537
1843
935
379
2120
1332
2908
2781
2984
1922
60
864
2786
1105
1424
2732
1561
244
354
1939
1402
2331
24
766
931
695
481
98
2736
87
461
57
2458
2378
796
834
1049
232
2306
2149
648
830
2431
488
1280
2487
339
1359
2460
460
2174
983
2812
720
321
823
1714
2662
1390
2469
2292
680
2673
2730
2580
670
505
1386
651
2247
1048
2107
1623
73
1803
2971
2488
1955
1058
2915
2249
1802
1738
472
17
256
1098
1493
2654
2559
576
2676
1516
1684
105
1011
1992
2373
588
569
2724
1703
59
1019
1794
2436
2263
1370
406
1660
977
631
1655
1551
1786
1128
1308
129
1350
1523
553
422
2549
1061
1998
1893
985
745
611
404
552
1172
1979
2703
2746
3054
690
1536
2825
563
355
209
1900
2922
316
1203
1433
1764
413
2967
995
1997
2233
2123
1857
2638
669
607
1649
565
1585
484
1547
2647
2632
844
1915
717
1579
942
3011
320
2238
2691
2476
2034
2764
335
1981
783
409
2271
2485
1668
1138
2748
2994
424
319
3005
1960
926
1521
225
2657
2852
1605
2068
2604
2228
