1302
711
1205
846
3048
1186
2316
2410
2878
2145
871
2939
2039
1318
1020
2794
957
1003
670
2282
2371
2075
1888
2319
187
1662
725
2166
617
2249
1822
161
1447
1164
257
2468
418
726
2991
1878
2095
804
2862
1264
2523
2427
1920
1115
249
233
3010
945
519
2463
654
173
1238
4
2079
1536
1260
326
3031
2487
1129
965
751
544
1665
42
2262
862
1581
2970
2506
390
1123
2770
2529
1126
1149
1582
463
110
1481
2995
2688
1775
2850
2146
382
46
776
2368
2752
766
2351
1167
2011
451
1590
2727
642
482
802
330
17
2481
1738
429
589
1200
1136
894
1355
579
1094
271
1369
824
2180
791
1953
2233
1931
3006
1317
167
1595
119
2386
1209
1453
2615
1838
2280
2568
2393
2810
1484
3043
2932
1421
1253
305
2846
598
140
2194
341
2272
2369
332
3070
327
2074
1956
1735
772
558
767
2133
1941
2779
2576
1640
2573
1681
2492
744
2803
27
2793
2856
567
2827
1404
1653
998
1332
3013
1737
267
2160
1008
1097
400
814
445
1513
839
481
561
1809
1980
1406
238
2551
2251
2811
1367
1368
867
2455
2797
2955
666
1694
1063
2159
1300
2518
942
1817
1812
1828
3058
2631
1328
2457
2763
2837
2190
2973
834
2870
1132
1408
2548
2600
1349
1019
705
2354
2693
2784
1410
1461
2256
44
1440
2776
1403
1578
2931
474
1530
2525
1498
2234
576
2107
2892
2477
49
2914
1517
1771
2661
687
620
2367
1416
930
3035
761
2900
698
388
424
1638
2307
850
1864
577
2497
2683
427
2590
2324
2458
1144
1476
2223
1612
895
1389
3059
2330
2109
2377
690
496
2933
2343
2915
1837
691
1263
377
128
2544
1379
1815
974
1740
2216
1047
3023
2152
2609
1522
1560
1847
771
111
1679
395
764
552
1755
609
2845
977
2048
842
1551
448
508
2680
650
220
1992
2550
2161
2686
713
1360
2672
2775
486
2154
1844
2848
2501
1145
615
1183
22
2580
1203
488
908
2634
1331
2536
2460
2708
2835
1884
2888
1306
1146
740
2897
1559
2814
512
1698
2747
1938
2117
917
1760
381
289
136
9
1748
462
2500
2789
2638
1170
143
1636
409
1549
1378
1333
2187
3018
2238
204
789
794
2919
2666
1686
2978
2007
2749
2839
658
1157
2052
1427
2398
792
1843
1765
2265
2896
2072
2703
319
1627
138
2383
2498
1648
2191
514
1500
2547
93
2311
2842
2325
2909
407
1074
734
1359
2882
2543
913
1385
2221
841
2382
1528
1390
1364
301
2891
3015
1196
2255
170
211
2941
2179
477
2804
566
2736
735
1027
1103
2709
62
1973
1570
1887
1868
933
1022
2801
131
2171
1116
1351
565
1400
1925
1190
2424
782
1312
1079
629
2938
787
1861
1366
797
622
308
292
1060
664
2297
1423
2042
1689
1970
255
2332
2577
1619
3037
1877
60
228
1016
2802
1569
855
1141
730
1800
1802
1808
1974
2312
2215
25
411
2189
2911
1753
2832
335
2022
2174
947
1268
221
1131
1905
1270
1098
478
756
2682
256
1084
1565
533
229
1490
2582
3026
1243
641
1983
1489
87
1672
1726
1542
610
2153
2828
1197
2344
235
2720
2685
2467
2934
1215
1353
547
1856
1625
585
392
405
1414
601
149
212
2448
785
2869
522
2076
918
2452
2392
2360
991
1137
647
2379
1960
2984
1777
1246
132
2083
1676
189
1265
1978
1054
2877
2628
158
268
3025
1419
581
2417
2588
3001
1081
1803
447
1376
1618
2812
1056
2104
931
1092
1386
1866
494
39
240
2333
2728
284
2650
129
922
2139
2675
1751
1685
71
3009
1677
2279
2480
2275
2838
317
1245
967
523
733
1121
2956
1985
50
2336
1807
177
2471
1932
676
3011
1293
769
118
507
2559
2176
1152
2750
2509
1798
2701
2390
1339
2080
1779
2734
2094
1050
1156
1827
114
1562
275
2990
1283
2081
1031
1801
2592
2674
2988
1583
582
2962
366
545
1457
960
2151
810
937
490
2526
2512
2867
2258
2549
2754
2182
1516
806
2464
1790
3030
2895
889
105
2630
1589
483
2505
2637
783
2346
1001
374
2470
1734
827
269
2391
1853
1232
1048
746
1622
1997
253
2611
819
1377
1629
2951
1208
1477
295
353
2199
1189
1413
387
2652
3062
2165
1696
356
2115
2134
2589
91
1499
2085
270
487
252
1722
1150
206
835
1424
989
1354
3066
2510
548
2339
2886
2116
2903
505
345
2136
373
1918
941
1743
1917
2114
1895
2357
600
1341
1375
262
578
2438
288
1789
500
142
1940
1872
45
2331
2193
1664
949
1981
854
2073
2350
659
2601
355
1543
624
987
869
1065
954
1977
1248
683
613
694
655
1180
1053
497
296
815
1525
1432
1863
2806
1449
2423
645
952
1952
2100
2830
2271
2224
2745
3044
2496
1046
2207
635
1077
113
1730
2394
1831
2967
1242
1133
1458
859
2304
1303
682
2614
470
1199
979
1023
2998
297
2655
866
1626
3019
1329
2018
117
1967
2968
2088
223
2101
1326
1555
184
2411
2716
1634
727
1510
817
3050
2113
1752
1921
360
1381
2227
903
1280
2565
1749
2843
630
1814
337
1320
1230
291
542
2361
2132
274
2820
704
1859
1840
1896
1310
2910
304
2192
2748
2965
1585
3007
1928
89
1436
243
148
1357
1548
2875
1656
2208
3016
2926
1202
2668
2027
763
6
1850
618
2222
588
2746
1663
2534
2508
3003
1392
836
1028
1388
564
2743
693
1323
1926
724
912
748
2034
2692
2567
254
602
1223
2053
1405
1024
1437
2239
813
282
2667
2927
905
1173
1288
40
322
1763
793
174
2554
56
3002
982
935
975
518
604
1025
2175
995
938
205
2765
74
2244
1574
1713
2283
2605
2045
33
1185
2513
216
2231
287
154
1750
603
1218
1535
3029
2694
1411
2376
2299
2822
2785
2753
2522
