681
729
123
309
568
899
451
403
566
1021
673
914
770
608
838
785
149
1020
550
560
197
654
891
825
809
96
698
666
778
855
633
829
573
662
650
746
414
344
813
243
557
91
596
495
442
160
555
1004
551
739
294
610
775
969
570
690
695
535
251
849
814
588
377
198
865
547
373
520
668
375
21
188
10
426
343
890
995
803
400
923
61
660
474
801
602
32
791
973
135
151
724
881
593
212
552
689
436
446
718
665
56
519
439
619
140
708
259
884
997
278
984
934
933
830
327
639
477
193
416
675
463
626
38
641
854
1023
872
863
781
422
379
533
517
859
912
903
886
950
76
561
438
720
777
946
12
435
371
99
288
352
310
466
127
853
539
893
59
795
600
598
523
752
968
174
109
661
532
704
397
616
501
867
134
851
195
28
764
839
284
783
113
199
972
261
497
157
409
694
137
790
858
575
776
346
1019
861
645
604
412
837
842
792
483
350
428
581
908
429
579
308
119
942
618
85
214
725
907
576
715
542
203
264
467
623
381
1013
941
178
904
48
307
706
338
601
372
22
798
642
317
465
169
367
944
1018
86
433
846
1007
276
1010
614
751
94
989
224
870
448
979
591
33
481
164
107
492
249
828
705
597
909
876
767
394
866
857
410
457
506
108
992
967
184
330
964
679
143
834
340
921
565
787
538
887
620
234
753
311
401
158
66
291
540
430
411
211
509
402
630
484
862
262
77
599
636
462
83
293
919
1002
87
747
148
529
871
511
315
982
222
440
736
245
129
1014
651
254
970
683
572
892
925
175
246
110
508
100
219
799
696
733
802
200
664
756
370
73
40
609
779
420
920
819
204
292
687
384
385
585
797
556
915
112
228
628
231
15
31
796
987
299
502
404
804
922
731
906
3
963
878
390
763
971
530
738
130
359
527
295
121
951
46
512
183
159
378
966
924
567
488
939
578
625
321
266
244
316
1005
812
20
732
111
49
719
166
441
396
590
500
437
383
167
993
242
954
4
470
816
235
196
152
79
805
885
318
93
980
836
328
277
126
638
784
479
71
252
232
875
526
505
489
577
663
303
471
392
70
124
337
745
490
743
388
347
847
874
782
258
194
491
323
765
928
959
716
726
895
398
213
889
549
132
898
734
877
691
546
105
740
89
707
900
54
52
772
528
302
69
835
985
945
730
888
60
272
88
476
612
357
624
584
92
543
269
75
101
646
460
692
958
649
365
297
475
320
171
504
962
710
84
26
815
750
856
760
57
202
44
978
97
469
374
496
353
29
742
918
644
225
674
563
977
114
607
817
727
345
407
712
382
142
832
482
548
717
516
709
298
217
339
684
670
702
8
810
447
35
304
363
289
759
937
935
238
744
929
360
161
1
205
940
210
176
421
677
605
905
206
306
399
503
976
1012
417
335
981
637
472
432
454
868
82
45
780
331
154
901
147
128
1024
864
333
1000
811
632
498
544
723
595
820
170
564
418
282
55
415
256
615
586
223
656
348
275
23
869
1022
611
960
342
5
115
434
34
182
894
974
711
296
518
1017
423
553
239
757
774
265
826
237
103
453
571
917
948
53
852
769
43
185
329
358
58
821
631
180
754
413
281
90
326
16
355
771
165
938
910
697
7
657
961
749
236
51
2
840
25
827
450
389
617
524
443
125
274
800
133
822
722
247
932
173
168
280
80
485
648
728
913
949
682
319
883
818
6
943
380
37
766
218
341
449
882
640
336
118
65
181
999
369
425
911
145
260
177
301
953
713
794
860
18
216
930
927
98
468
445
975
287
762
155
545
634
356
956
554
209
131
786
354
283
592
141
844
541
192
652
117
936
789
405
11
902
455
120
952
606
393
701
671
30
14
419
156
873
574
587
758
788
240
988
521
190
559
322
464
667
364
386
241
207
955
68
116
569
926
406
285
325
761
879
534
300
635
408
848
737
324
537
703
897
583
64
227
9
580
312
700
139
678
248
998
351
850
187
991
24
621
362
72
594
996
499
104
514
672
896
150
558
1003
659
102
947
42
589
916
768
273
1015
172
334
793
831
226
271
843
146
81
806
267
106
510
314
680
250
748
136
427
376
229
957
263
699
368
653
78
990
36
387
19
655
215
688
391
95
1006
255
122
1016
179
144
808
833
643
221
531
279
735
1011
480
444
62
361
582
983
233
669
807
17
755
230
823
268
163
773
1001
1009
931
525
189
603
536
486
431
461
305
714
63
67
186
424
994
647
41
487
658
494
627
721
39
685
613
1008
880
824
162
257
693
841
332
493
452
676
458
629
522
27
290
191
349
456
208
686
47
478
313
562
286
201
13
220
986
965
153
270
395
513
253
507
459
845
74
622
366
50
741
473
138
515
