71
928
811
750
8
659
366
165
317
531
108
840
964
787
675
572
477
819
575
1013
117
170
934
736
213
302
658
820
249
552
364
395
741
956
986
567
260
144
124
646
613
11
403
190
610
950
681
1015
189
86
904
258
184
251
276
722
729
229
275
804
713
363
824
82
666
677
405
211
920
410
669
134
723
54
667
390
1001
450
85
103
330
648
514
122
127
579
903
799
551
399
15
370
133
377
841
963
992
147
907
919
710
960
99
496
70
419
382
618
59
884
200
199
252
81
400
179
265
737
802
853
504
315
1010
17
671
777
932
203
993
259
961
689
461
595
989
821
385
801
926
234
503
563
219
116
798
145
29
866
118
773
448
454
507
974
76
52
271
833
198
128
425
46
44
267
882
712
633
764
661
383
250
624
100
837
432
651
510
602
878
924
449
143
468
838
333
42
98
590
940
880
316
823
861
703
923
536
542
244
688
66
322
305
262
949
566
286
672
61
691
202
967
578
324
589
775
1008
727
436
808
411
529
349
532
655
279
844
984
347
150
340
910
584
191
591
119
673
293
528
922
897
991
420
731
519
9
50
88
183
78
487
803
754
1018
856
422
394
717
611
32
20
969
112
255
417
180
56
381
155
60
481
571
354
674
694
791
825
684
944
933
163
849
971
21
555
898
327
850
194
1
630
740
752
568
639
135
537
352
1011
83
218
77
334
500
149
965
393
459
1022
69
945
474
538
158
270
968
768
19
94
679
323
106
369
458
766
987
588
226
911
402
237
616
634
295
553
325
599
778
959
442
889
48
818
233
188
102
574
546
772
43
792
192
3
564
790
181
341
972
380
702
318
239
747
834
298
361
434
18
362
637
620
111
423
629
905
895
384
338
312
509
40
534
826
151
353
27
469
269
7
87
873
1002
240
701
609
498
68
685
522
331
594
881
586
896
953
759
762
543
389
877
513
839
328
573
714
810
746
816
506
587
288
739
130
12
527
892
156
470
557
278
720
209
460
217
215
862
976
494
757
299
937
75
632
576
870
952
994
733
96
771
335
607
115
508
447
373
997
176
493
767
424
769
735
744
499
427
693
114
101
404
541
569
485
205
758
644
22
342
375
936
647
162
256
95
1023
396
749
692
197
690
654
797
815
760
421
433
725
874
865
1014
277
273
554
855
796
593
319
962
763
918
196
281
730
301
649
748
742
159
289
641
657
619
109
227
483
917
883
978
854
329
430
793
947
97
471
248
479
391
350
343
228
195
836
608
45
848
970
266
201
827
107
900
721
998
467
700
285
830
779
656
36
132
53
182
126
650
358
664
981
662
516
51
214
954
565
207
388
699
982
26
480
948
292
246
540
631
484
843
326
222
682
139
668
780
645
34
938
142
1020
208
472
253
597
995
64
284
822
864
186
491
495
966
466
263
604
414
711
558
137
505
716
512
615
5
91
929
310
62
706
915
585
600
724
401
580
547
475
462
858
789
623
280
942
1004
872
386
360
254
756
365
464
782
697
457
868
847
734
732
871
869
719
63
678
73
665
660
90
232
204
715
577
13
398
598
282
550
355
344
663
999
653
35
635
348
560
359
695
561
412
622
314
783
451
784
846
210
708
902
973
530
520
627
58
596
241
444
625
452
539
817
2
274
465
521
337
652
1009
1019
206
638
548
356
709
264
935
39
294
628
718
407
332
406
38
415
413
511
146
636
14
306
795
726
300
875
859
925
311
478
345
387
84
1005
453
379
743
676
121
463
418
105
698
55
371
805
131
473
297
835
626
1003
357
67
443
489
1007
813
786
446
456
860
225
175
806
261
272
374
41
79
842
30
549
943
72
476
518
680
257
160
10
829
428
562
409
223
439
582
236
832
216
958
492
751
49
166
951
309
242
171
1016
612
867
794
173
707
621
885
378
1000
617
372
686
141
296
313
57
985
765
148
544
912
753
4
603
416
125
435
283
224
828
583
47
80
168
230
426
955
502
304
193
980
886
221
640
946
93
863
592
23
533
515
990
140
888
161
321
535
25
408
290
909
857
996
488
975
154
351
231
164
172
983
490
497
1017
65
852
177
138
16
921
781
605
307
696
879
152
761
220
957
523
581
526
601
320
545
368
392
336
501
899
941
104
1012
153
455
440
89
397
445
268
876
441
136
643
33
914
930
812
851
6
167
291
113
28
169
738
120
683
431
157
235
339
438
437
891
908
814
524
977
906
185
245
755
774
74
187
376
92
212
1021
517
1006
788
303
486
705
525
287
704
776
556
809
247
745
927
129
728
346
901
770
800
785
110
367
174
687
931
308
31
243
890
845
178
894
24
570
913
988
670
429
482
939
893
123
887
606
642
238
37
979
916
807
1024
614
559
831
