2498
1384
876
315
2875
372
2518
1642
517
1304
1747
999
2259
641
133
931
1652
1657
1110
2116
3016
340
1564
1600
1908
108
1774
3059
174
2351
2429
322
1580
2847
361
674
764
1479
2904
661
148
1109
204
3013
1576
617
550
553
2402
2921
1208
2619
1536
1430
224
2909
1390
1971
1899
2480
620
1679
2232
408
214
680
731
1757
2064
2438
690
268
2810
1055
2302
1392
2349
886
2113
2106
2241
140
1238
1628
248
1222
2033
2379
1078
126
2627
2664
1889
1486
125
28
2486
2867
733
2768
765
2290
489
21
736
571
2296
1820
2258
2958
2623
1572
2445
829
2322
161
265
1191
2314
337
2922
2767
1919
2962
1671
1468
1274
2489
598
969
2043
2645
2327
1663
522
1519
2727
1929
2529
44
1267
289
558
1492
1716
1340
2453
1402
2312
798
187
635
2288
2127
579
1358
2723
576
2269
411
1565
719
169
1662
2112
1959
891
1027
2056
985
1103
2953
293
311
257
452
1059
1116
1852
998
357
780
2691
1019
8
1979
1021
196
785
1969
1362
53
2876
2339
2455
989
239
2496
1320
1398
1521
122
842
1101
1286
281
560
1418
2348
2005
868
437
1412
1213
65
1452
213
1694
2338
54
1190
1420
1326
2374
2200
305
1539
1123
2356
1097
1641
1319
131
182
121
1983
2293
2959
1859
69
2060
820
102
1761
850
1877
1550
1668
2886
2503
2864
2208
1984
33
2252
3007
256
1083
511
1062
1815
1120
734
2794
105
112
2710
1566
1022
740
565
1198
381
1968
2000
2371
2979
1787
1764
811
2182
1414
1977
2644
1963
1173
2960
1500
1583
1158
2392
615
1779
1148
2404
2992
2266
457
788
2126
254
1387
1573
960
927
878
2657
1910
1624
1459
1814
434
15
2011
2378
1363
1252
1119
1799
2452
1328
1142
1609
1465
1196
1995
181
1734
2124
928
682
471
1570
684
2990
99
436
2419
2567
1860
2936
1791
2414
574
2577
1574
2125
2797
1391
2986
752
1394
1354
2261
2977
2757
1837
2857
512
6
1480
1257
1197
2707
1867
644
2309
2563
278
1481
2558
2191
138
2136
2521
2940
2209
2376
166
1612
2202
2785
1331
974
1874
78
264
1122
1130
1315
1357
796
1731
2590
229
1089
1651
1892
1753
2978
753
507
870
360
2562
1209
1989
1789
2130
3000
640
36
1125
1001
907
1948
1934
767
1738
307
393
2054
1692
1706
1556
858
1094
863
2172
1477
926
2660
930
2020
1725
1162
2177
1639
1626
1776
2187
2042
567
568
1613
287
654
2890
1732
1982
1930
911
1136
1980
1939
2685
2386
1645
1247
1798
2501
215
1484
2899
152
761
1248
2144
2029
2044
1446
502
465
2364
822
1434
71
1810
444
1740
2670
686
2383
1811
1386
1855
165
101
1258
273
1869
856
5
1235
1266
2944
609
1935
2523
893
2148
2220
652
115
1735
2951
1835
1714
1287
1588
292
430
479
1144
3011
1307
1232
543
2713
2119
3017
2387
2225
1730
920
2735
412
1797
1518
1421
2299
241
2530
1081
2980
3022
940
1405
1043
2154
1380
1625
2712
2522
1881
1510
2907
410
986
1907
2216
2613
1773
672
49
900
871
634
897
2543
1175
724
1923
2328
2279
454
1769
3015
2167
285
591
1726
2583
1423
2459
3070
676
2179
1147
1317
2384
1560
1914
1028
1436
873
1772
924
1233
269
329
1229
308
1710
274
1210
783
2844
1168
2914
245
2234
1673
1342
756
2095
366
2315
2805
2650
864
1698
1008
1843
4
104
2045
2803
879
3064
355
382
657
113
1603
2263
934
2320
1073
2352
2861
967
1926
491
2069
23
913
82
2524
2329
532
738
2469
1967
3004
968
1457
1322
154
1172
2074
2086
2066
1483
892
2458
1577
1763
2832
2160
2559
859
646
427
2101
1099
1719
2343
1745
1193
270
1037
2372
2652
2510
2007
535
218
1511
2041
2212
2196
2048
596
1170
1010
639
2001
3012
1896
1751
852
2863
575
2574
2161
2444
2622
342
2098
1080
1439
2046
3040
90
2118
2018
2253
2600
2778
462
1442
1318
2654
715
697
2406
2624
599
2183
2333
1279
1647
1201
1045
2151
711
220
1183
2884
2394
203
2546
1686
2542
2902
1278
755
2155
3054
2697
1812
1951
1592
2024
2273
1475
1025
506
472
1884
1048
1417
2873
1749
881
1478
1587
1404
2512
1003
185
3067
374
2633
2925
417
2456
2129
1760
94
722
2403
1075
2675
2068
1707
910
371
123
2834
2808
1024
432
227
655
1501
917
1411
2560
2661
2004
2908
1803
3010
665
784
399
2205
685
1250
1695
2393
1240
2866
3045
2601
1259
2999
2111
1011
1160
2013
2672
2736
2247
2420
1781
1178
839
2695
2330
1681
1288
1461
1344
2466
2679
1954
2357
2398
3071
1845
2655
1689
1389
2055
2693
3037
2463
2319
1547
1092
2176
653
205
777
2010
418
2424
758
1115
1476
2090
650
1053
2677
1891
369
1311
2802
2787
1823
626
1230
2946
280
58
1736
2811
2966
2423
130
1517
1265
1788
2413
3038
406
966
2146
2075
3043
1904
1419
3041
964
1961
1931
3
2749
2702
476
2877
1126
1270
509
2764
2694
977
110
3033
1608
728
606
2628
840
702
1816
247
3052
2517
2407
2618
1708
421
993
2014
612
2537
1739
1226
2002
1171
262
1898
2806
664
778
100
2845
1469
1166
2634
2440
2725
2823
1202
885
1376
1415
2184
14
2336
2189
1841
2003
643
2649
836
321
1482
2868
3060
689
3042
1072
2226
2630
1467
2878
2831
1974
2531
2223
2053
2109
1635
2214
3058
194
1925
1102
219
158
2199
1395
1622
2165
1800
93
2974
1378
1370
586
1886
2872
173
441
901
2547
286
768
2812
2439
1085
87
304
2554
2477
663
1535
451
970
179
1077
838
2009
60
1676
296
378
1454
2972
2897
1610
2836
636
2954
1594
2945
2935
898
