902
993
535
831
720
695
303
496
1017
258
470
488
764
644
778
465
603
645
35
776
56
144
148
629
698
787
733
674
479
584
883
127
317
82
967
283
724
777
864
545
244
405
731
354
122
560
717
199
410
297
503
793
76
528
64
618
978
452
65
850
355
961
537
249
798
111
28
842
223
289
665
230
839
686
174
131
48
14
375
449
785
638
267
483
866
108
550
519
854
659
83
388
471
271
938
192
200
152
146
705
1016
745
870
194
909
95
84
683
341
248
321
517
331
1007
600
308
407
730
459
570
998
990
811
886
781
994
365
413
81
318
368
285
989
409
320
136
561
1002
455
309
232
226
758
55
701
393
592
1010
824
492
951
985
656
72
247
891
802
252
931
402
522
562
78
1008
11
251
193
391
625
485
821
533
420
306
51
687
905
658
396
262
858
942
442
901
626
25
602
161
582
878
92
684
373
1012
419
431
109
606
976
86
565
653
2
840
315
367
254
128
940
351
228
577
359
792
272
59
376
751
339
439
789
797
418
526
256
552
615
497
893
612
19
142
662
347
795
874
892
855
397
708
1020
104
188
494
173
311
327
386
462
495
307
125
429
890
295
884
134
182
900
952
912
981
26
446
473
97
68
895
40
605
825
767
12
363
950
922
549
428
944
464
364
904
643
42
590
330
691
202
575
130
520
746
276
525
54
741
27
333
955
498
936
581
300
880
715
176
319
486
3
810
926
10
754
563
551
63
661
558
129
774
925
640
432
380
502
263
394
362
965
241
573
181
406
607
1000
229
680
337
484
382
4
949
511
214
788
867
242
805
201
234
505
703
126
872
742
280
1003
385
800
897
853
325
657
1001
650
512
833
527
861
783
1005
773
759
170
738
107
343
90
149
96
808
923
399
790
460
208
178
225
696
723
685
116
123
868
224
253
997
75
412
828
47
1015
114
617
184
246
610
509
169
20
466
266
205
894
652
444
932
408
984
286
766
668
475
690
69
366
33
887
779
448
291
852
233
32
145
1
567
930
639
844
1013
553
508
361
576
118
609
996
860
342
910
453
323
440
482
654
1022
756
296
595
353
218
679
599
424
794
699
782
156
975
31
937
919
589
712
153
915
775
556
100
236
655
608
340
499
423
752
213
566
113
172
933
524
637
186
585
986
175
454
836
530
398
9
898
349
7
768
46
207
21
616
346
1025
963
416
631
124
917
580
871
8
387
819
185
838
666
190
689
974
784
977
958
948
478
73
500
941
559
216
718
704
345
302
284
594
45
489
350
504
725
729
415
36
771
700
813
344
326
539
369
312
676
1004
220
586
269
493
217
807
260
165
516
734
426
694
623
261
632
89
417
859
1011
219
835
541
760
907
647
204
237
641
58
721
338
322
903
523
991
53
613
191
141
672
888
999
329
979
411
23
970
445
372
467
102
755
762
34
168
830
660
946
620
845
869
628
546
611
506
490
908
806
171
841
49
896
601
15
761
633
568
786
688
243
702
753
706
587
692
41
834
670
52
360
379
106
737
514
634
542
6
476
1009
180
681
137
714
857
352
554
809
268
139
290
240
536
94
221
943
543
430
823
635
799
820
279
66
273
740
697
667
911
377
278
973
865
780
250
1021
732
596
183
929
971
728
17
157
995
862
371
389
481
437
469
370
889
74
1019
879
274
578
727
358
314
259
195
673
436
277
739
939
275
707
678
245
614
960
264
621
222
140
38
328
211
378
713
348
588
451
257
43
518
30
770
474
91
873
461
197
301
356
630
579
13
400
962
70
540
120
101
99
557
569
154
16
390
357
1023
555
458
155
803
583
927
885
189
757
138
304
876
992
817
212
87
928
847
829
77
882
899
457
401
988
392
959
103
29
334
677
1014
856
71
693
815
956
818
421
209
177
747
121
547
624
167
748
235
18
151
22
851
491
534
438
651
270
143
954
160
521
450
79
837
791
422
920
812
288
918
945
843
414
133
403
619
1006
863
187
682
203
110
132
649
313
832
374
463
572
736
627
914
964
593
848
112
427
166
846
749
924
158
88
636
953
913
198
299
982
163
443
147
921
877
135
934
162
206
544
255
287
57
709
548
906
750
1018
827
381
947
669
24
238
60
335
62
282
826
743
196
744
968
468
281
294
532
801
642
663
571
239
507
849
574
61
987
763
324
179
316
265
435
80
1024
67
671
93
395
5
719
816
298
433
231
480
597
115
336
164
881
980
50
305
447
44
796
538
210
119
935
710
735
957
39
916
966
487
425
215
875
804
604
814
85
434
664
591
515
105
37
150
383
477
769
969
716
441
529
159
711
722
622
501
293
384
675
117
510
404
531
598
972
310
472
772
983
726
564
292
456
332
822
646
98
648
227
513
