187
438
30
730
577
435
845
839
147
698
785
210
937
73
705
580
592
901
156
480
457
25
17
678
976
131
434
266
971
430
819
640
874
609
281
994
993
936
672
771
385
898
399
94
908
61
173
943
149
287
692
660
22
168
267
641
295
557
610
258
763
620
1002
66
810
862
644
275
401
961
667
1022
973
548
139
502
642
834
483
975
928
946
739
768
54
446
392
300
456
777
336
351
491
362
691
578
71
290
354
902
879
682
599
1001
160
509
286
598
623
958
807
553
179
348
245
5
386
56
560
850
301
795
996
431
884
57
419
740
630
269
528
315
250
584
951
978
854
251
12
218
288
7
215
469
910
209
10
972
488
956
1007
793
334
21
809
338
369
830
519
507
767
224
468
572
790
955
403
93
308
465
53
720
299
476
523
917
28
74
406
254
688
515
324
186
291
240
400
372
162
600
736
889
352
911
236
805
871
192
922
99
176
841
579
824
395
552
211
806
377
40
638
152
333
846
206
686
125
41
696
828
4
85
424
142
470
844
195
259
681
817
728
170
525
262
775
261
668
265
361
2
447
310
364
886
669
783
872
657
432
857
143
340
268
244
387
524
761
55
903
616
735
893
314
80
542
227
774
252
417
859
927
398
76
948
712
935
390
199
870
443
565
249
558
881
72
514
726
52
594
582
985
220
327
33
346
394
283
823
191
379
792
471
335
92
838
321
963
124
451
818
134
239
760
646
151
708
130
59
998
926
962
786
868
237
611
952
331
622
1014
518
1020
891
189
166
226
875
79
316
405
517
58
497
466
802
96
1006
138
628
489
330
837
371
931
968
116
278
235
464
983
673
374
494
365
723
932
727
704
656
814
635
29
423
521
120
279
113
604
555
293
332
44
323
115
561
436
550
651
128
1024
43
467
9
896
567
64
848
900
91
161
69
172
422
155
643
182
103
613
815
183
427
714
583
947
858
1016
924
999
437
957
1019
711
882
127
629
452
231
62
84
853
26
270
950
770
297
458
391
349
411
440
1015
378
544
150
421
129
81
309
510
564
729
65
284
264
213
118
804
915
345
203
772
89
200
899
45
675
861
320
102
253
383
271
445
412
112
756
413
397
68
376
637
188
121
302
506
939
513
370
676
695
101
813
897
32
796
570
289
106
755
164
887
851
612
303
256
568
429
325
671
484
304
347
776
238
221
856
441
877
442
721
540
393
873
318
175
339
648
169
639
913
661
461
1000
803
556
754
751
343
230
255
530
822
991
100
537
296
20
701
543
141
710
960
860
741
787
725
95
827
722
995
3
418
396
632
724
136
1003
88
798
486
746
388
104
222
70
766
363
83
137
373
919
107
731
536
75
247
319
664
605
416
248
37
260
649
789
193
46
223
105
764
408
966
852
219
6
15
687
381
39
788
178
272
360
666
86
1
863
329
516
799
865
586
532
177
982
534
154
987
876
153
906
1005
123
216
575
782
426
184
607
531
758
619
478
581
984
140
133
311
702
117
350
849
894
626
541
892
737
769
337
194
538
490
780
479
132
603
652
713
126
905
367
280
631
1023
48
562
990
916
312
109
653
590
779
181
38
601
1009
677
501
707
866
923
683
439
98
794
569
463
880
242
869
163
34
576
326
122
389
829
475
925
554
909
992
232
589
689
60
709
953
477
190
945
614
111
757
625
745
816
585
545
148
158
508
87
420
529
13
522
285
674
986
110
715
979
832
444
694
520
23
276
404
624
826
357
680
482
878
595
918
571
914
380
500
1012
840
428
933
759
410
342
662
229
938
559
472
67
618
144
207
717
212
836
977
587
855
549
503
663
31
307
353
425
167
574
533
1008
273
563
448
234
208
934
1004
159
305
684
146
328
733
654
895
941
883
313
921
573
864
773
487
485
14
750
703
742
201
217
930
454
246
19
608
665
145
679
180
621
888
706
455
368
492
744
496
753
526
257
606
8
1021
645
459
11
384
171
35
716
108
743
344
593
747
890
820
228
784
967
165
658
402
843
885
382
77
294
778
499
82
825
433
954
49
546
693
762
1017
356
495
797
749
647
591
547
650
202
989
988
981
504
801
738
831
765
197
808
24
449
292
539
907
842
473
306
847
732
453
63
414
566
358
51
322
835
812
493
752
527
781
16
298
375
670
588
198
949
277
833
512
940
450
282
551
912
974
462
359
119
214
627
685
965
185
690
970
617
929
355
317
964
341
596
811
481
920
867
460
90
174
719
944
511
205
700
821
18
97
1025
474
655
734
718
659
196
997
114
27
636
42
36
602
50
225
535
597
243
748
1011
1010
47
498
800
415
1013
78
969
959
263
407
791
697
699
204
980
233
1018
942
904
505
135
615
157
274
634
241
409
633
366
