310
397
837
87
954
184
815
888
480
373
138
554
335
732
787
492
99
53
866
114
467
701
292
104
356
27
861
354
594
91
267
85
970
643
413
497
28
991
996
905
754
698
389
51
228
962
533
25
703
893
749
873
783
147
792
886
142
510
280
790
232
875
32
444
96
347
662
552
20
647
181
725
157
331
911
118
611
674
493
341
570
242
566
906
744
122
847
517
109
411
764
76
718
150
867
789
1015
726
652
249
349
276
312
3
419
671
961
136
977
645
571
125
692
895
812
680
840
326
641
596
575
871
946
606
226
511
258
768
816
532
48
414
62
805
175
786
700
819
742
947
603
287
462
973
344
94
234
197
506
917
844
368
214
143
921
883
1004
644
424
654
82
771
538
120
208
80
868
422
71
663
690
574
925
58
601
8
782
549
286
169
933
841
34
333
240
194
581
950
123
261
398
919
746
163
668
405
1
1019
776
959
800
889
486
279
984
769
460
173
822
891
735
802
406
183
436
112
635
653
12
720
894
659
145
15
98
56
751
591
141
50
834
825
220
993
712
429
976
327
231
88
474
203
168
519
127
477
65
437
558
975
676
821
415
337
488
986
824
257
846
476
748
390
78
75
345
43
656
1014
362
371
636
225
229
284
705
17
133
504
61
351
849
637
439
738
358
70
997
934
408
421
565
139
932
907
130
761
106
734
923
930
306
222
269
660
823
677
1016
213
578
551
262
336
35
948
140
233
681
877
340
584
627
450
655
618
464
49
855
401
245
400
838
796
131
675
185
1000
278
177
313
217
57
502
289
463
146
711
695
924
281
384
394
298
29
599
148
981
915
827
719
294
990
541
617
275
74
609
108
620
459
36
856
902
357
166
309
869
223
365
952
548
307
960
590
942
949
512
430
909
604
747
188
903
530
296
129
79
737
832
858
174
540
765
912
547
967
69
288
110
673
528
706
352
119
361
26
425
171
6
936
92
785
244
862
904
968
100
86
381
416
54
722
31
308
780
884
896
691
811
200
21
274
367
507
64
724
291
423
37
922
498
446
809
503
964
170
156
420
843
803
639
940
235
215
582
826
167
149
848
442
4
682
939
207
685
199
850
699
957
115
290
320
399
1022
153
573
878
137
77
1003
683
101
447
788
461
253
857
900
301
9
1006
755
615
870
693
378
972
881
890
537
441
151
393
914
897
913
491
24
721
23
121
741
572
577
927
250
179
230
204
182
860
277
607
958
304
898
180
19
178
686
59
1021
806
820
622
1023
605
965
434
543
743
509
81
833
299
369
63
938
568
1018
704
263
793
874
951
595
550
767
501
495
499
759
391
564
458
221
799
614
265
67
610
343
733
455
443
409
953
651
1007
514
553
707
426
798
505
525
817
237
865
523
736
935
763
193
983
845
113
999
315
597
931
561
198
117
318
72
813
697
33
669
248
383
1001
814
201
529
539
189
116
494
634
672
359
520
593
854
713
187
206
22
475
648
835
791
60
956
297
10
219
524
772
623
68
105
66
370
766
563
385
124
449
879
556
908
211
346
152
154
979
1002
132
388
453
316
300
18
355
431
302
111
518
750
44
753
521
471
256
218
567
974
353
982
544
756
943
323
987
555
515
628
259
350
191
649
366
1008
559
778
472
273
941
311
944
646
239
797
920
522
842
487
38
295
774
404
305
995
534
128
41
377
688
516
93
985
969
762
727
694
592
338
164
892
382
466
642
807
794
760
831
629
272
664
709
775
271
456
484
329
435
372
918
684
319
678
40
804
621
5
1020
1005
126
836
830
864
955
490
268
42
963
451
777
433
330
616
73
583
980
598
739
536
910
613
195
314
633
723
666
402
216
324
625
810
770
205
619
135
624
781
428
46
478
212
322
730
945
97
863
650
587
773
589
427
396
270
202
470
667
717
16
937
658
457
535
107
853
321
387
496
715
966
784
801
657
729
998
260
714
545
90
403
928
47
334
407
546
689
562
880
360
872
386
679
992
339
600
731
557
364
432
162
579
236
971
255
542
630
716
988
438
89
410
83
608
852
452
348
588
264
412
708
7
196
395
95
527
687
586
238
376
989
282
818
696
363
243
526
580
626
246
828
885
978
585
485
829
165
102
176
481
469
1012
328
448
483
1017
482
283
144
285
710
342
161
795
317
2
779
52
661
332
758
560
30
247
392
468
192
303
994
159
224
640
740
241
55
882
901
14
254
325
670
84
440
465
859
134
531
612
158
266
103
638
1011
13
808
479
916
374
251
380
160
293
1010
500
752
473
379
227
418
489
375
728
926
602
190
899
851
757
252
39
631
508
929
186
839
417
887
876
513
665
11
45
172
632
445
209
210
569
155
1013
1009
702
745
576
454
