2552
2554
238
1139
2594
1380
631
1236
1335
483
1472
1912
2028
150
1155
890
1348
563
2893
1690
561
1035
1586
342
129
215
2101
2820
1856
958
629
382
2575
2716
1818
1416
556
2901
2783
2298
2137
740
1684
2872
1498
1575
334
1610
2204
2387
1004
1333
603
640
1998
2306
2814
2329
2941
1846
941
1545
1830
996
758
411
3040
2149
1988
2458
456
2334
1217
1715
1204
2187
544
357
1169
2782
2778
33
1711
615
2019
2168
731
972
644
1192
1677
2867
1568
2454
690
1389
830
97
1954
1017
433
3044
1861
813
2625
537
2576
994
1352
1852
49
2170
2522
2549
2460
869
1196
864
1437
414
978
1503
2453
535
1719
2013
2310
1992
1473
252
3033
2498
1914
1241
1095
2210
1413
441
2349
2771
1359
2347
934
2903
2356
499
630
2175
141
1152
1486
2775
319
1477
2926
641
2718
1075
647
2812
2067
2673
1384
2519
1991
1623
2412
2981
2198
1513
2685
2865
2663
1773
450
2503
2632
2572
2653
165
1616
307
587
1219
2113
1247
3018
2209
2827
3011
2507
160
571
2206
3030
324
521
2314
1375
90
2911
1924
1781
1180
1326
2706
2684
2280
1037
3029
2093
1732
96
1868
82
1403
1710
780
1350
359
2996
1865
2451
1723
2290
1801
2252
659
2207
2620
512
1585
2564
2365
2873
2945
375
393
1347
632
2484
279
613
1884
1938
2261
1778
2917
942
322
94
1582
716
505
1977
1223
1428
1142
1512
1529
137
1499
2467
696
2727
3007
2074
1602
857
1667
440
273
2848
2049
378
2939
2973
586
2534
3054
1156
2368
637
2739
2343
1798
83
1571
1013
120
2875
1927
2765
1057
1136
2628
692
124
525
2404
1153
1008
1105
746
218
2533
262
1611
2954
318
1276
64
2108
1819
907
244
2455
2651
1006
1173
265
841
2733
790
2761
2857
1147
1579
461
2124
2734
661
1045
428
138
1167
1671
2199
983
406
2054
735
2203
2130
1564
399
1953
1845
936
2425
819
2185
2255
2131
331
843
1224
1365
1813
2041
2419
2084
1424
796
3065
2358
168
2604
1502
1294
2277
504
1520
952
2649
2643
2099
221
1888
1251
425
1729
2463
2302
1770
1815
2626
899
2555
1866
3001
1099
53
1913
1038
1475
2731
2822
1750
1480
1904
1242
1787
1419
2587
2922
2741
69
1284
301
729
2464
2383
850
2705
1226
2360
2805
1946
509
507
358
527
1542
1121
3000
1450
2162
89
2340
2178
1834
2134
2196
1824
259
2760
2943
1062
2546
538
1012
149
1420
474
2886
1283
1519
1869
289
1840
2742
792
1353
1653
1346
2920
2927
2392
2375
951
1632
2908
1466
1293
37
299
533
1175
2197
1578
1909
915
2802
70
2738
1040
2307
2880
2851
1794
1161
1680
1277
1238
3041
1464
2407
2158
1622
2986
1925
2925
466
139
2398
228
602
2517
2009
2624
1199
2541
2427
2826
1686
963
432
1295
1625
1255
723
2520
1484
1644
1569
679
253
1553
2950
3021
220
2319
1019
2231
2274
2023
695
1522
904
277
545
2145
1889
939
764
260
3052
1320
2948
2312
2918
1055
2043
777
3
2630
1543
55
202
1996
2195
2283
1357
465
174
1518
503
481
1454
2153
1349
664
2090
724
1701
976
491
960
2025
2024
2051
1163
2574
1646
688
243
1059
757
1328
404
2970
1054
1157
2
2380
390
1934
1388
2813
2256
2224
2847
2743
2305
2972
2078
44
1407
2075
2172
1952
564
1596
2070
1969
2008
1307
1670
3047
2122
863
834
2878
988
1386
2991
1987
946
2528
1941
206
1635
2152
1814
2160
2437
985
292
169
1810
103
285
1397
2638
328
1229
177
2511
964
3020
1747
698
1487
1395
997
1220
2030
2282
1390
471
552
865
1709
870
2020
1222
1590
3012
60
247
717
2457
1218
2585
1084
2423
2823
2683
1631
1052
2258
522
2821
2126
446
807
1026
1759
1145
2983
727
666
1074
484
1598
2666
2700
1485
2835
2276
1843
1278
3051
1737
2232
1337
797
1404
2057
1939
1086
1593
1935
791
1001
1534
1882
636
766
760
1491
625
736
2830
750
1087
1890
1983
667
1043
2095
40
959
1525
1367
2456
597
101
1203
1743
923
2971
2445
2506
879
932
1955
2679
486
376
1560
1195
2494
1342
381
1827
1915
1110
122
1272
2596
332
1932
2000
1558
2186
63
2930
2015
1209
2342
2523
2871
2249
2694
769
754
193
360
2036
778
1772
72
269
2242
806
2071
196
2384
1463
2692
2508
2490
1771
1172
2621
1872
1297
268
1541
1984
1554
356
1273
1833
833
1258
1916
3060
2686
213
108
1313
876
2902
2470
765
1576
663
881
708
1425
2717
583
1234
3019
893
2957
1901
502
2062
800
2177
239
2690
839
191
1870
2672
910
2269
704
1339
1619
2906
1986
1567
29
41
2844
2914
1344
2722
2940
1041
2900
447
842
683
2801
271
1042
197
811
1923
383
756
2222
1918
2188
2915
947
2616
401
1174
2221
1906
845
681
2809
707
2816
966
837
1552
185
1877
1257
557
222
144
1562
1126
1244
1364
123
1449
697
1235
2845
2011
982
1318
569
3058
415
1837
2818
230
1456
2363
9
969
1761
92
1849
431
2670
1112
2010
1881
333
2243
2919
1756
621
2046
2863
1077
3015
278
2641
2599
448
672
437
2284
3009
19
2447
366
2244
1858
2359
227
1018
341
2662
2220
1757
1640
600
2311
616
1559
743
43
118
2580
748
293
1898
282
1608
993
500
2026
1481
275
364
2854
2320
747
2174
1962
2815
389
340
2769
1107
1080
1746
2163
2959
1825
646
1800
1664
2348
2622
827
846
626
2548
670
2514
1399
2143
2223
2433
2637
2120
2098
445
2793
2474
2967
1033
1556
2202
2824
1981
1763
555
1807
2450
2909
1190
413
516
1118
2431
1863
1548
689
479
1256
855
1734
554
635
1081
