417
769
616
27
438
303
161
988
699
700
344
600
231
997
313
371
584
628
556
774
189
441
1000
867
201
638
266
68
573
167
684
1020
886
649
610
1003
119
24
469
780
639
162
401
608
411
384
775
386
258
917
120
41
366
964
754
67
465
773
351
957
611
763
539
570
865
137
198
986
946
52
948
811
482
817
458
908
723
337
834
1025
58
250
272
442
505
862
698
113
260
953
981
311
341
877
901
806
1016
974
308
37
373
650
132
407
81
741
812
79
256
480
323
933
106
801
839
332
890
141
479
596
740
105
251
375
321
420
634
884
43
225
176
507
758
71
449
863
427
172
403
760
853
523
335
662
157
821
443
447
642
566
873
550
70
30
871
214
82
597
168
558
785
603
395
296
719
349
613
199
415
851
882
912
546
745
51
457
923
906
588
713
355
435
230
970
474
837
382
69
177
712
158
298
583
101
460
519
551
327
949
980
83
922
262
652
244
136
57
300
278
59
130
485
195
911
226
939
677
284
274
689
385
200
599
1017
916
668
691
110
985
665
293
848
861
347
394
672
934
787
857
796
1022
764
127
527
247
757
619
942
983
961
576
569
636
117
659
376
328
55
746
370
320
747
777
163
405
595
784
72
149
707
694
945
898
319
80
387
965
184
50
607
273
461
398
544
994
455
414
664
423
937
390
89
372
305
418
795
717
434
1004
252
38
436
612
743
288
846
85
239
805
792
367
624
164
428
440
875
721
10
299
790
947
277
495
864
227
996
242
248
267
663
419
5
701
685
472
346
514
453
153
147
94
334
621
63
828
683
16
484
737
75
869
874
647
410
759
62
932
448
301
803
471
297
525
905
1011
943
989
722
364
91
275
679
379
343
840
249
770
850
918
513
179
838
483
794
924
739
602
626
171
715
671
521
791
93
84
575
326
253
45
128
572
380
543
468
971
356
111
999
972
849
720
631
826
993
768
259
422
152
830
515
310
938
34
648
822
1006
904
235
345
60
324
1001
669
844
656
517
605
761
360
637
216
892
90
39
331
829
268
878
820
896
813
951
11
1023
674
204
635
643
767
92
100
118
74
732
358
26
146
819
881
357
234
193
708
88
567
2
280
6
459
49
788
975
409
582
446
170
690
381
798
393
579
1007
809
14
292
232
396
531
103
907
755
929
742
104
930
350
670
233
205
653
681
876
762
885
56
416
255
799
160
697
909
223
956
7
467
952
617
802
180
651
516
992
807
169
276
548
287
542
562
121
991
352
644
565
77
703
824
363
402
793
714
97
1008
307
237
655
926
466
990
508
587
354
592
135
554
215
312
766
919
369
557
532
131
95
142
883
547
577
960
404
333
1005
283
306
622
738
246
348
220
48
645
692
748
86
578
492
76
126
463
511
338
140
54
13
46
978
950
756
322
580
661
192
561
439
317
399
1015
155
891
977
730
540
899
706
498
191
318
102
858
903
489
475
718
217
143
750
641
833
302
481
987
185
776
518
571
22
686
530
786
1013
888
222
129
928
271
564
208
800
154
910
29
473
710
166
534
12
124
289
1024
377
553
897
236
32
666
589
789
295
425
585
107
451
325
42
203
254
138
281
586
841
429
9
604
726
190
224
494
65
855
269
342
620
967
99
462
426
606
207
183
229
228
560
555
954
497
196
174
920
397
503
210
470
257
955
879
476
627
870
914
601
725
336
175
151
383
614
73
832
270
728
388
40
984
1018
240
696
733
487
859
206
902
165
173
66
958
675
752
408
374
704
854
549
309
340
927
658
581
265
563
1012
53
751
450
31
845
368
490
1
3
182
816
705
504
640
218
148
1002
959
488
23
25
291
78
998
212
424
678
744
847
133
178
486
545
815
729
285
836
682
400
4
632
430
144
623
502
931
315
711
693
243
856
456
894
825
19
506
33
279
202
814
657
695
290
353
966
782
880
921
18
781
44
915
1021
524
282
900
533
982
499
590
709
860
213
529
15
749
702
264
827
444
831
772
895
541
976
660
765
979
330
818
734
339
866
209
944
512
594
893
134
973
98
500
593
61
241
28
667
445
452
437
731
520
687
496
629
108
197
528
245
238
431
221
122
522
109
574
735
392
491
47
968
477
1014
181
559
493
211
962
615
535
625
935
389
688
925
654
116
304
464
406
676
112
150
314
872
552
286
361
673
115
17
1019
8
159
478
598
568
412
501
538
783
969
362
139
187
316
823
963
778
432
125
263
156
509
1010
21
940
329
186
64
413
889
145
842
716
680
526
852
378
391
188
753
96
727
294
87
887
591
724
609
843
123
219
804
797
808
630
20
421
114
995
365
510
433
646
936
536
537
779
35
194
633
810
913
1009
36
618
835
454
261
771
868
359
