1463
3035
87
3057
386
1894
2772
263
2788
2842
2403
456
139
2129
1357
2067
1156
2232
410
177
1567
2895
1331
1562
1247
2290
1981
445
1922
551
1724
2934
129
658
212
3024
2261
1719
434
1116
466
560
1870
370
440
449
965
1530
1462
1437
2296
539
2706
3016
750
2131
678
2408
2844
2852
1486
1527
952
96
2523
2185
3026
2436
1340
1854
2250
190
3036
413
1668
530
181
183
2666
3052
12
1722
1441
1203
664
2429
1723
942
2726
379
1516
1232
2461
2890
333
3020
2439
1231
3061
2223
827
2762
2733
1757
1619
824
1913
2609
663
479
2559
1511
199
2778
1502
285
2693
344
2173
210
604
2577
2405
1470
848
2057
2879
2735
1858
1926
2627
3014
946
2777
186
134
2933
1245
2997
2468
2497
2911
2907
1867
2638
2562
891
1043
2147
514
1170
553
1534
2508
3046
921
316
1650
1361
1311
1612
365
1716
1085
405
2492
1280
2245
1715
2617
615
1639
1382
1223
2373
2076
284
2080
2044
1895
1416
3018
2052
329
1752
2257
2433
2561
2369
647
1916
1575
46
1850
1226
1471
2135
1629
2499
1750
2383
2428
2768
2987
1982
2202
1359
1172
738
694
2889
2091
1008
1241
844
1039
980
789
1121
2336
1834
860
1666
2361
2400
2431
513
2351
2787
1230
616
2446
1613
2047
2014
1249
1400
2297
318
943
2642
2524
1406
2343
732
2764
1127
372
814
2165
1233
1493
495
337
464
2134
1026
1474
2459
486
2537
2174
629
118
1764
442
810
1522
2141
1837
3048
1220
3043
2106
2853
112
1285
2767
2270
2228
2973
1498
2030
569
2278
2316
1267
1290
1095
1183
2646
1179
1336
1420
883
1898
2037
855
976
868
1610
2104
911
2530
2846
1995
280
1812
657
646
242
2884
966
1424
983
1000
997
988
968
573
2977
624
1960
267
1057
1930
1794
1780
2863
1033
1642
4
2042
1893
2274
1906
2796
2024
2417
2258
637
1805
1963
1934
178
2888
1767
2622
2910
2712
998
2448
2020
289
665
193
1089
3056
715
1053
568
1338
2901
661
2513
2394
151
2892
1042
2669
591
2382
215
1519
2444
2517
1943
1211
2082
1339
607
1505
2211
1006
140
1386
1822
1348
107
369
1307
233
2377
317
499
310
403
163
1974
265
346
2389
2981
1010
1291
1688
406
2828
668
526
1693
662
1841
2606
2220
2776
302
1450
1606
1993
2321
226
404
1728
1456
1871
961
1863
1669
218
2355
300
2960
642
571
2284
1067
425
2727
1949
3032
2873
2227
704
1122
2420
981
2975
1264
684
2154
2243
717
2437
54
2858
1962
2105
1920
72
2598
1570
78
2092
1398
1638
902
2034
775
2988
1999
830
2690
1165
133
3065
39
1753
1706
972
473
772
224
1545
2613
925
2945
2774
283
2209
737
2707
895
2623
2125
294
1364
2832
795
2098
2631
2235
2545
1343
2190
2087
350
1656
2843
1003
251
1457
450
15
2294
2868
1066
625
2560
926
1015
548
2330
1358
2555
2450
792
1550
2568
1690
1149
14
1374
1648
2891
208
1779
2462
1287
2596
695
2719
2069
1501
778
599
116
1793
1979
306
2119
1605
1403
1873
2029
2051
631
412
1181
1419
1109
1787
311
1883
835
2347
2425
2834
2122
1440
1677
480
2991
1305
1617
1810
1499
685
527
1541
783
667
2684
1173
378
580
1484
2404
202
2624
2251
1905
549
710
288
928
2084
1439
1561
1559
2507
1741
97
2658
481
2986
563
1270
985
3063
1244
2010
1433
822
914
2614
2514
1036
141
2359
2366
561
1421
768
347
2736
532
623
531
2329
490
833
439
297
1614
34
781
534
593
1136
2722
420
1478
2376
1326
1324
653
2132
800
1831
1633
1623
2050
719
1229
1259
2924
1363
293
2016
1435
2158
2385
2365
2464
421
1824
726
1856
594
144
2268
33
332
964
2676
557
330
2197
1788
1773
696
633
2410
361
1676
894
2039
1678
1969
2191
2943
2327
2363
954
1021
2949
2912
493
2236
3022
1020
451
126
1012
708
2301
204
1350
1154
2906
2234
2203
2876
1254
415
2381
1563
1399
1458
2601
2651
1776
2807
2151
149
1986
2825
1736
1143
1691
1106
1596
677
2947
207
1772
468
1932
727
711
1146
2711
2484
813
739
2751
2830
3041
2952
1708
1950
1041
1641
749
2714
2187
1819
941
188
1465
247
2731
270
1141
2159
2470
2441
2225
59
590
1664
1593
1208
1954
2354
784
1973
1250
2826
2819
2317
348
1843
2790
56
400
1845
588
1939
923
722
2342
2011
766
256
101
180
1900
2219
692
1988
2921
494
2198
70
802
1191
1289
2506
2989
1204
248
307
1742
1221
1077
932
2674
2502
3009
1695
1125
343
1823
1375
2779
2572
174
575
2442
2281
1725
424
565
834
245
1574
2937
2626
967
547
392
1092
1153
1302
1832
879
1556
538
3003
3037
2206
2032
282
31
2481
880
1272
43
2564
2966
938
2573
729
3068
2112
1048
1405
1117
2753
1110
2899
1391
982
1632
3007
922
36
1037
1616
2931
62
1353
841
1436
755
2005
275
45
164
2488
2467
2926
1309
2532
1961
2798
955
327
169
1278
1971
75
735
1130
373
2801
1445
2535
1655
2028
991
2856
913
2700
821
1687
2909
2519
1886
2300
2763
944
870
2155
951
488
1024
1572
3001
2217
1844
529
559
975
2393
1897
614
670
65
2486
1299
1258
2533
1461
1685
2928
1781
1734
1795
1029
109
865
2838
2339
2866
1622
2932
2447
1615
2557
2490
1206
2941
777
2139
1816
2729
603
566
567
319
1407
417
324
1330
2031
423
1411
2566
2808
2799
2240
2276
1443
2041
2246
896
1217
2432
240
2007
115
2880
2571
743
544
1645
2070
1811
734
1925
1133
960
1246
1689
2500
2168
2543
2216
2344
1601
382
2095
313
2078
1826
2176
1869
374
875
2698
244
2009
2179
1940
1475
1016
281
20
533
2656
2982
1238
606
260
1099
2633
38
890
2295
241
1602
120
380
2744
13
2212
1857
1682
354
2079
135
2259
927
1595
1485
843
525
634
747
2271
145
2109
602
1651
992
2169
292
2152
1933
1935
2205
1188
1784
3013
1215
798
2107
1005
2639
2121
999
1529
1608
1192
1868
3066
1097
1286
1027
2716
396
2171
1431
1118
1927
1174
2585
478
2765
1224
2967
1569
2758
73
457
1180
1265
435
2025
517
1937
915
2792
2375
2094
1409
1889
2650
1544
959
2402
1644
1713
200
2370
2591
1698
1023
2578
2166
1748
2605
2160
2233
630
1649
2992
246
1379
636
1947
1332
1513
279
1199
1786
1032
2303
1914
2248
1872
979
1761
458
2237
1114
1064
2241
2117
2277
595
83
578
69
211
1255
1046
958
2584
510
1792
1477
259
2959
714
2247
2414
214
672
2494
2886
2581
1525
8
881
675
2634
2554
185
357
1696
2358
142
2308
1347
3029
1859
892
936
315
638
1958
2504
519
1150
2110
546
2789
2315
1553
2743
2357
1732
1674
2065
1504
956
2099
2175
1176
801
524
2231
28
535
1189
1941
759
1885
2672
903
1956
1490
2985
889
837
1840
1207
2905
2620
136
973
2682
2618
730
2969
2118
929
3004
2882
716
2103
1333
2549
3019
2496
764
2705
1590
2903
758
167
1791
791
2204
1492
2426
2086
2255
360
2043
2146
1878
2595
1489
1414
2188
1187
2529
171
2812
2273
2449
1126
703
736
2477
1093
86
2293
1377
398
543
1624
1546
447
2396
1415
299
2252
1918
2732
391
2265
2510
160
2685
2580
2304
1193
2013
1554
1657
17
697
1235
2465
1726
1236
2635
1720
3025
3023
2944
2757
1818
21
1749
2610
2222
387
60
2647
1709
201
2923
725
232
2419
1564
2996
390
767
1800
1001
138
29
1712
785
309
1395
223
2709
842
2791
3034
640
1281
2292
804
3062
751
3
98
1107
2012
2629
2599
1876
1557
1476
1059
2756
1313
2033
1438
2522
1946
1166
859
441
626
2663
53
1091
1472
2574
1038
2371
1912
127
2378
323
1274
931
2071
2588
1891
505
2648
2422
2322
1609
864
2802
1806
2723
137
9
1500
924
1320
2423
818
2766
64
2224
2607
897
2199
397
581
1536
2332
2999
2048
401
2115
437
1014
1804
2144
1865
376
67
2413
2748
2579
986
1603
162
839
2430
3045
2518
1658
3070
2421
2755
1880
1733
2195
1588
1701
598
2283
2797
815
2915
2883
359
1335
2657
1672
1451
1577
2023
2074
2310
674
1936
645
411
1376
1653
2679
1731
2463
2183
2208
856
2483
2773
1667
1846
857
808
168
2127
887
2615
1425
516
1680
1955
2850
1260
2980
2108
1853
2340
2786
2335
1473
321
2200
1161
993
355
1746
2337
2563
41
1185
1903
950
1304
108
1586
1992
1813
2547
2491
243
2953
1745
1214
1248
542
2066
1631
2501
2769
220
336
2680
3053
2485
1080
2063
748
2636
2213
1537
2064
278
477
1738
1739
2957
2182
94
2531
1663
1213
2752
712
2060
1990
1368
2474
414
2849
2142
2851
2541
761
57
2333
2608
2865
231
930
2695
2600
977
2592
1198
47
2864
235
1549
2794
1142
552
194
518
443
2589
1401
2625
1953
515
496
272
2088
1253
2164
2133
794
2745
1565
886
2576
836
651
7
444
2275
2717
2511
2836
1975
780
2150
2662
206
540
996
2008
1389
2136
84
845
1670
209
465
2181
1078
2582
2360
1083
825
1654
2664
1756
1201
2230
2994
812
1487
2054
3071
2264
793
92
1284
2803
1071
2628
585
2128
1186
2963
1923
1699
228
459
2126
3015
945
536
1729
1175
2697
2730
1344
304
2266
2089
1754
1996
1660
641
124
353
1447
277
88
521
1084
2820
1105
1390
907
90
1277
1584
2867
2956
2525
205
1997
600
1271
1408
1195
2085
1455
1942
962
261
541
803
339
2567
974
1356
1164
1847
2512
1292
1366
2704
1581
1444
2018
364
577
1875
691
498
1568
453
1700
1360
995
2192
867
1652
1129
1760
1634
2919
229
1517
192
276
1237
1711
153
2686
608
2917
484
2325
2814
2487
1496
409
1460
1086
2455
507
2593
1765
1452
933
676
1234
1510
2885
1418
1134
161
2279
3060
6
562
1887
1049
1801
1547
76
901
2955
264
2817
2587
1030
1328
452
66
635
555
2750
399
2193
2837
225
2677
2747
1200
1580
1730
1994
1222
111
502
700
2556
1763
679
1972
1978
1088
2785
2021
731
506
1881
2979
2338
2553
1604
1155
1770
1879
1679
63
1747
829
849
504
2153
1137
2641
1040
1809
2172
1068
2611
1694
619
253
182
338
254
2640
2027
910
1054
483
1430
611
720
1140
1951
367
1256
2671
2823
1542
621
2149
1104
3006
1312
2406
385
1442
1028
356
2827
1251
2427
1924
2157
2346
1426
2111
2925
503
1369
2534
2616
2965
497
978
2411
1599
2090
165
11
1807
2539
2783
2632
2495
760
850
1171
2984
2345
1362
2835
2348
957
1074
1970
1159
861
648
1112
26
2260
2326
1523
217
520
592
1273
2309
1031
2302
2687
805
3033
771
271
1
3012
2148
1069
99
1952
2253
660
1714
2654
2689
222
1276
1673
851
2971
1790
1011
2178
1555
37
2056
2619
1087
30
1392
1783
2920
847
287
1902
1079
189
741
1388
1774
3064
1966
1587
2770
1194
1944
1449
2964
2503
1552
82
2718
2724
2004
2116
2878
2653
2536
2976
989
2189
2077
782
1138
574
1737
2386
1796
79
2824
909
345
916
1314
3002
1480
899
2238
2720
1821
1158
1799
1938
213
2771
121
274
2526
1727
2352
740
643
2479
128
971
1045
1262
50
2415
1055
2015
2040
461
2990
2161
2286
1225
826
179
2478
2451
1518
671
1744
576
919
1070
1862
1802
446
601
1017
2590
2049
2855
745
32
2407
1702
618
2312
176
2398
418
2097
582
51
790
1263
1124
2540
2699
1852
1034
2035
632
2887
2509
1429
454
1890
1178
2505
1004
969
2645
683
1385
2242
1469
2229
1275
2839
649
2870
172
2896
1327
2493
2877
377
2081
23
1446
583
666
1295
908
114
152
1507
2749
724
2163
1830
963
2857
2604
394
2469
586
334
1627
2710
1560
1864
1539
2364
125
2380
1151
1145
103
2392
1216
831
723
2810
733
2177
1094
1626
184
1205
742
776
1113
2558
2401
1351
2002
2681
1514
2003
2972
2721
1718
1454
2214
322
93
550
2471
3017
81
1931
558
2859
1279
2061
1836
237
2093
2914
402
2498
35
1785
381
102
656
756
1404
1621
854
622
2520
1035
166
1985
2516
1412
432
22
2670
1515
2594
1019
1044
2548
255
175
1755
816
1524
1317
375
762
1637
900
2612
2473
2055
470
1111
273
2575
2954
1242
341
689
1533
1778
1310
1009
157
1775
2898
2059
1050
2829
1315
682
934
290
3038
1197
335
25
2287
1352
104
2162
198
1190
1987
422
744
610
326
2489
1123
1160
1998
3008
940
609
2811
1635
2288
266
2649
2840
371
1901
2708
1371
1909
2123
2305
419
2546
2958
2741
2998
2630
2053
2445
2845
27
1768
1266
898
2221
2703
1509
1620
2942
487
537
984
2661
807
1243
1090
752
2384
1370
55
1929
1060
2784
2460
2951
2314
2936
1051
1329
389
1334
262
654
699
1703
3005
1119
2983
492
806
787
1296
1659
786
2124
522
2254
2435
1139
1323
2861
763
1393
2323
24
828
2800
721
1683
2696
673
2073
252
1538
2668
1957
2978
2940
2145
110
852
2848
705
448
2816
869
707
2194
1842
203
122
866
872
1162
2350
545
1459
2418
948
2938
2841
680
1535
584
2038
1468
1288
757
1372
554
429
1896
1833
1582
1661
1874
3059
462
2083
388
89
1325
2017
1497
840
1759
2334
1184
820
994
2440
652
1508
1355
2180
1341
2409
471
48
1100
1705
1413
1082
42
383
269
769
2862
2454
1882
257
878
1169
197
58
1002
884
2950
2058
1968
1293
1591
2318
2894
1904
2515
1076
1298
2552
2655
2480
2026
1848
1977
1212
501
832
2367
2904
937
1531
2113
1239
3027
1797
1820
2527
295
2434
10
1261
2306
2603
3051
1115
1907
2908
1838
1948
2102
2833
2390
1611
1467
2186
1989
2184
2702
1132
1427
2466
2130
1052
1061
2565
2372
1282
508
2902
2544
2397
2482
1762
1571
858
2643
2331
349
455
2974
2075
2701
85
2860
1481
2739
148
2201
2602
2472
1558
1209
2215
912
2813
438
702
2269
796
491
1488
472
1218
1491
718
1892
3039
1851
3050
2207
509
1917
230
1777
2096
701
2262
1423
2542
1839
2239
709
3058
433
1434
408
1448
1551
2341
71
1283
589
1646
1643
1921
2780
191
1025
1120
605
368
1980
2875
1483
219
1346
1704
1168
1147
2746
2538
556
1815
2256
639
773
596
1144
2120
877
2550
888
754
1532
920
523
2156
3044
2114
528
917
1081
5
2652
686
119
1735
3054
2831
1306
2218
3040
1428
1915
949
2249
2100
2678
1482
291
1378
1692
627
885
68
1300
1022
2665
2289
770
1152
1466
2667
2101
2759
862
1598
1520
1849
1349
2691
2453
2740
1592
2528
2675
2793
990
620
1908
871
713
1318
342
298
1384
2475
1526
1432
874
1316
2795
427
1861
2458
2754
690
579
2353
2930
2822
1707
572
2815
1808
597
2881
2569
1600
817
1959
1566
1543
681
3031
1740
155
1771
239
1607
331
2869
1899
2045
1710
779
106
2320
2809
1721
18
146
587
1394
131
2782
2775
2742
1686
1984
2395
196
1825
2738
2362
1373
91
809
1380
123
1131
1919
1065
2962
1597
1464
2948
143
1013
2871
1058
1640
286
2893
2196
3042
2939
819
1576
2916
1911
1540
2854
1322
2167
918
77
1860
2897
2285
1128
2683
1945
1337
905
3069
1148
2022
1829
512
1202
655
1101
2900
853
1506
2388
173
1453
644
1268
2927
1422
746
416
904
1381
906
105
2210
3000
613
352
195
1751
2521
1888
2918
1671
2968
688
939
1345
612
2299
1182
2713
170
303
2412
236
1766
628
1828
1417
147
150
1196
1636
2291
393
49
2847
258
2267
617
1976
1675
2399
1252
953
2379
1589
159
2456
221
2660
970
1269
216
1062
2438
475
1991
1303
1983
2913
1210
1354
2062
1835
2307
1521
2673
2374
1495
659
227
430
1528
2806
1108
1227
2970
1410
1803
1387
838
187
2137
3028
1684
2068
687
19
2570
407
1228
2226
1367
1319
3011
2170
95
314
1342
2282
2637
1297
1630
1717
1697
1814
1479
436
3067
2805
2874
2946
846
2280
2644
1827
2046
2993
2935
426
797
1817
1177
52
823
2324
788
1157
935
1512
2804
2583
234
1769
2872
3021
467
2072
1301
1163
1665
1103
1579
268
3030
485
3055
431
2138
1308
100
158
2715
238
1628
61
362
1594
80
706
301
2244
2356
564
2961
2328
1396
1321
2551
2761
1866
358
428
2452
2019
2006
2818
876
250
500
2781
811
753
650
1798
2597
570
2
1789
476
1681
2922
2821
2586
2688
2424
765
3010
312
2760
2272
693
1583
2298
947
1007
799
16
1102
1877
2387
2457
1965
2694
2319
1743
1662
44
249
1964
893
351
1073
669
1365
340
1503
1056
2391
1075
698
2000
2659
1240
154
1135
1063
1548
2263
1167
2929
873
511
987
2001
863
2737
366
1096
1928
1257
460
1494
305
1758
463
1573
363
489
1047
1782
113
1397
2311
2443
1294
882
308
40
1910
1219
3047
2368
1967
3049
328
2143
728
2995
482
2476
2725
117
1618
1585
469
1098
1018
395
384
1072
2692
1855
74
156
2349
2313
320
474
2036
1383
130
1402
296
1578
1884
2734
774
325
1647
2140
2728
2621
1625
2416
132
