1010
49
733
938
73
187
472
1001
280
995
507
798
752
794
130
213
155
164
285
1004
570
176
250
483
4
857
664
960
131
653
630
451
470
475
143
516
947
861
25
710
566
779
117
793
572
342
750
186
962
90
44
149
63
609
138
232
396
236
785
218
828
19
565
225
200
252
691
836
546
263
373
265
43
238
563
308
414
838
195
803
460
258
207
344
989
479
358
48
834
101
288
189
595
442
24
1019
605
513
146
624
220
431
985
600
57
488
851
616
949
241
272
971
365
363
270
304
586
79
55
125
462
330
161
573
205
121
853
1005
109
493
818
424
556
9
499
246
742
235
124
596
662
535
127
268
59
486
1008
11
764
114
611
692
743
863
323
1013
717
704
449
578
440
151
607
643
880
745
682
160
366
410
926
394
884
275
598
7
809
283
74
771
345
386
973
222
338
767
646
807
206
126
307
437
932
795
193
319
159
966
407
89
672
92
22
30
1009
18
883
1024
260
777
282
706
253
391
893
328
33
221
904
78
105
428
873
316
542
758
683
906
821
723
961
13
694
889
1015
916
154
953
748
497
255
860
970
139
80
626
278
728
972
810
491
500
23
647
56
620
108
910
590
950
259
784
648
322
545
118
64
452
311
444
495
981
696
224
95
583
665
466
734
40
731
522
780
409
526
52
550
417
261
617
234
306
264
608
443
778
227
133
419
709
820
615
781
480
62
631
806
942
959
687
725
700
119
612
446
540
347
759
343
390
96
519
445
379
548
416
181
210
719
136
681
902
992
317
804
979
701
520
112
1022
951
783
986
746
568
402
204
669
635
885
651
357
359
276
881
976
174
931
436
1017
17
698
562
37
28
273
281
817
188
494
249
982
623
832
711
36
448
339
852
737
678
754
673
841
533
613
761
815
464
153
71
334
555
536
908
708
730
663
603
738
209
763
718
865
122
952
467
340
768
398
802
171
420
498
387
1012
527
840
702
774
805
554
965
760
425
901
294
936
489
326
749
847
703
998
69
580
525
54
675
184
356
934
374
846
39
65
433
293
423
994
530
51
8
173
331
376
292
824
912
87
88
862
642
585
61
179
958
560
868
191
929
152
991
772
575
142
757
974
823
799
510
968
67
471
369
454
102
924
839
661
279
679
903
47
987
633
229
29
561
707
747
113
120
775
882
2
34
254
337
629
137
361
918
593
180
196
469
685
53
969
739
190
310
814
408
913
212
38
688
919
14
925
518
788
541
997
622
66
185
890
262
305
297
211
6
1003
251
201
559
177
167
192
228
753
327
639
208
168
35
980
614
946
645
465
955
1000
808
558
244
26
819
16
792
782
286
223
697
844
935
1016
831
999
993
577
318
715
627
70
895
418
157
872
897
866
226
601
787
773
21
86
948
162
923
378
371
597
875
537
693
298
850
896
899
854
314
634
99
686
32
324
421
427
496
91
588
528
587
816
158
933
219
927
689
351
797
203
654
349
842
482
722
199
506
41
395
392
60
652
939
674
637
329
690
602
557
237
512
107
463
930
1011
800
657
75
943
909
50
214
360
770
303
636
83
289
287
474
589
94
194
353
145
399
20
870
859
269
355
677
478
886
618
368
172
458
370
290
762
104
217
156
813
412
367
564
576
811
574
944
928
245
945
751
267
791
789
406
468
10
579
166
917
984
455
243
983
383
457
341
523
377
954
111
450
42
721
769
524
765
256
963
898
869
106
867
641
178
582
197
727
741
129
650
46
827
135
333
415
456
858
964
426
874
430
27
644
490
988
291
511
100
604
640
756
85
175
247
382
517
671
309
740
1020
350
996
849
619
271
877
12
325
720
438
1002
183
735
230
714
712
922
801
796
521
312
239
515
551
485
150
892
215
508
481
592
97
302
58
552
240
375
301
320
509
257
476
132
1023
539
856
405
321
501
599
504
571
492
502
695
313
975
713
434
432
362
632
385
845
169
422
299
447
581
888
459
300
956
921
549
729
878
413
744
755
336
871
182
543
591
31
638
82
1006
335
148
911
822
833
812
487
473
77
411
72
726
429
876
364
668
242
141
660
352
93
766
461
940
699
776
404
45
990
837
900
296
826
941
98
724
147
705
315
606
879
403
905
835
68
957
534
372
397
547
484
5
144
825
198
532
553
594
656
284
584
514
81
140
920
567
116
393
894
529
967
887
732
670
736
348
1
233
401
453
128
680
15
1018
110
380
1014
676
829
332
477
202
655
134
684
659
569
915
354
165
937
786
115
666
346
830
1007
3
625
381
914
277
295
384
531
435
790
439
163
538
667
716
400
544
610
103
389
170
1021
628
505
388
843
864
248
274
266
658
84
977
123
441
649
978
231
621
503
855
216
907
848
891
76
