21
918
1588
729
1849
1752
1005
690
513
1966
2105
2345
3009
2961
1280
2566
1632
3028
1640
2461
909
1769
1217
1676
1585
435
775
751
1341
3008
1786
1384
2900
1274
591
1411
1457
1579
584
1509
409
2741
195
1370
645
1215
2443
1753
3012
1701
571
2304
2416
1175
2742
3048
1127
2312
816
1924
1248
1049
880
1374
2435
2935
340
2358
1555
2792
263
710
359
1526
1835
2469
1657
889
1473
2692
980
1862
1399
2447
2695
2215
2471
2654
848
2937
2871
1015
107
2350
875
452
1582
117
660
589
486
269
154
72
276
721
250
1816
2303
708
1044
408
2879
741
144
2247
752
2311
2916
2816
2297
2536
2531
2057
2810
2868
1219
79
56
878
1204
714
2746
1143
914
1075
2859
794
197
423
450
2596
1348
749
2568
1233
1014
1022
1150
1208
874
2013
975
1312
2131
630
1178
2233
1848
3040
2546
3062
1613
1165
1957
2373
221
1431
1958
1959
1279
458
364
1985
1155
2860
3042
2332
335
246
1533
3034
1560
1105
1710
1185
1344
592
2716
546
2464
691
229
2059
992
1069
401
1690
2874
1343
60
637
382
842
1996
2877
2336
1271
2116
2686
1463
2848
1919
1865
476
851
1843
1290
2388
413
2472
2453
2947
916
597
1158
1227
644
1648
727
1243
1571
2933
2672
2143
1715
2724
2919
62
1180
1282
518
1895
1736
907
1636
942
588
2114
625
753
204
398
2786
2780
2604
506
3047
527
1422
2764
1728
1476
2290
1834
1258
434
407
2294
2093
2366
1669
2457
1667
1910
2557
1338
1260
2020
1097
789
2607
339
378
2595
23
1780
2502
877
1986
2729
1112
1566
1893
1292
617
1801
1587
1568
131
1716
2216
2314
2362
982
1875
2965
2921
1671
2926
2229
1445
1213
2774
626
2096
1817
253
2129
653
2563
2455
1765
1729
2584
503
2414
322
955
1136
1546
3032
323
1236
316
1918
1681
2446
69
728
1437
2234
1775
2757
856
2840
34
2186
2762
1840
943
2120
467
1839
207
940
1421
590
2293
168
261
1298
641
972
2698
94
344
2467
281
1027
2088
181
201
2070
2542
2656
1999
2940
2424
2430
2732
2638
37
2592
380
576
1903
2573
569
629
1342
2449
92
1853
356
1066
1319
1743
1725
240
1009
2890
336
1294
821
257
87
2715
393
650
1748
217
2841
1500
1914
402
924
905
1337
776
2084
2175
350
2678
994
2648
1277
839
1220
2626
573
2259
2265
523
2494
2197
1246
2489
1968
1323
2640
1199
470
1056
2351
1424
48
127
2299
2348
829
2533
1245
2936
2949
243
2865
1495
27
457
1864
2548
1273
2431
575
2479
1906
1564
654
791
1598
1083
2844
1685
2898
983
1076
2478
2966
492
2541
1269
1257
324
1203
2318
2055
2406
1572
424
598
1369
1927
836
2717
1559
1216
1446
2349
505
251
2458
2319
2231
2460
2367
2201
1550
185
1077
126
2364
1779
1711
1200
2943
1398
2309
524
2014
782
2605
1491
1518
1911
1267
974
2763
304
1857
713
1101
624
1106
2394
3052
38
1933
320
2903
170
2047
2551
661
881
2743
996
1324
953
2922
2635
516
2585
2315
2491
362
3023
2796
920
2524
1778
1020
2996
2053
1709
1364
2377
1629
2641
1858
1788
2241
1806
2287
2917
649
1653
1021
2370
2152
2660
1635
2313
18
612
2016
2652
1575
1407
577
738
9
1803
12
469
2642
2246
894
1108
1589
1061
1472
3
1954
3030
733
1184
1169
855
2209
73
290
1234
977
314
186
1923
1471
432
2894
148
959
2975
561
1094
682
1523
2887
922
1035
1615
2326
2062
425
1350
2864
1283
2707
2714
295
1152
1289
1
1704
2451
75
1263
2552
1469
862
2422
471
1584
1085
1366
2897
2554
2415
2238
593
2633
2583
2108
2214
739
297
1721
978
1982
360
1334
2073
2570
1699
2954
716
2329
369
1037
2539
254
1634
156
1818
565
206
3000
1654
1063
586
1998
305
1973
970
1181
2910
2574
3007
1799
227
1797
2221
511
761
2393
2980
2794
1090
1586
594
1028
149
1250
1672
2492
568
537
2706
797
890
805
2972
869
1650
299
2782
19
969
81
2561
2560
258
222
2030
2045
1198
611
504
411
2822
1330
219
2562
1540
1494
2600
1691
693
1684
673
1892
2138
1080
1072
2851
1485
2853
3054
1034
1340
2454
1396
2838
2932
1160
2167
1332
2630
2417
1304
1262
2776
2684
174
2994
2019
1717
2885
1488
984
3015
672
3038
2803
2702
244
273
2514
859
1836
866
430
483
2984
182
2249
96
2691
2544
1742
2180
2164
679
1126
2320
2496
512
2730
2697
550
726
230
1870
605
2407
2722
1603
485
1608
6
1018
2487
1896
526
1045
1133
723
2190
2285
1813
1316
1179
2925
447
2589
892
555
474
187
1264
1300
395
1008
2341
372
1630
1084
946
1379
1119
1454
564
607
1114
2665
1050
2346
2475
616
2139
3061
2307
2955
771
720
2934
1481
1623
2486
311
1111
2758
2286
2517
459
2889
767
2915
384
1226
2781
1047
1392
106
1123
1838
209
1004
2074
1345
2371
333
50
2488
2226
819
139
706
2756
1714
1656
582
271
1604
2564
2476
2547
2913
769
3014
873
20
2027
2323
722
500
1726
391
2092
198
2883
303
1749
1197
2250
2506
989
2813
900
2819
1329
1689
1048
208
764
1373
1824
218
1033
1006
684
2957
43
636
1030
1554
2784
2978
731
2968
743
1000
129
1130
3059
2385
2436
224
945
2444
1067
2439
2205
2876
32
2192
2171
2387
1296
849
196
883
1499
2072
388
1222
1707
2625
3011
2805
2839
1576
1519
2081
1141
1501
1168
2440
2384
99
2459
2953
2042
2409
973
1159
701
1517
1405
1646
2908
16
1025
1059
1124
112
1841
1737
1664
3006
1830
184
490
3036
2956
480
2474
768
54
347
2127
2751
4
2681
1408
