587
223
314
411
273
580
763
935
563
119
232
505
407
835
210
736
202
233
669
180
368
577
989
301
922
394
672
584
596
1013
749
716
738
379
24
38
829
818
899
352
847
583
758
889
855
908
954
362
779
756
163
674
552
399
741
26
636
183
951
470
57
715
699
243
704
557
60
91
611
237
299
639
839
854
124
532
276
229
414
601
628
612
7
307
534
662
1004
367
664
770
406
485
904
321
418
136
739
765
134
665
766
1016
936
815
62
686
824
271
883
670
296
948
700
115
725
919
871
169
795
308
452
320
113
806
433
388
723
35
25
794
831
925
650
945
620
333
366
191
728
105
118
705
775
446
370
279
245
791
599
397
789
511
571
293
45
61
797
927
246
94
807
346
607
162
426
543
479
149
660
539
837
64
973
110
176
675
685
796
556
228
860
823
216
788
177
401
842
405
529
398
381
572
969
514
917
747
317
1001
918
4
428
972
98
630
605
204
10
444
637
184
329
125
1000
604
372
915
182
646
814
378
967
114
977
600
74
342
389
395
743
373
877
996
1008
361
963
160
144
735
841
196
391
812
781
211
127
8
257
2
504
953
979
750
83
263
390
336
645
998
614
171
993
103
939
850
649
867
264
1021
906
502
803
838
494
37
286
117
16
553
719
920
697
473
798
151
148
492
566
298
810
774
219
1002
710
681
235
734
526
282
225
792
968
382
992
328
220
51
900
861
47
753
533
306
1019
852
315
337
73
82
251
653
896
199
369
805
944
278
713
359
573
208
409
175
104
708
469
122
893
466
351
778
339
285
1014
938
873
226
799
748
1009
828
240
338
615
203
481
194
324
929
224
825
1012
811
76
478
387
821
618
349
108
510
383
97
635
769
983
657
706
130
581
312
621
937
33
976
77
545
1011
513
493
678
962
744
726
436
960
106
952
215
826
709
327
190
760
506
230
1005
846
623
530
193
907
955
515
422
714
793
942
153
680
869
890
933
21
277
187
172
800
164
874
733
424
574
982
154
31
926
227
166
711
133
578
832
554
290
331
432
363
295
882
830
140
234
364
894
143
991
965
509
745
946
141
740
994
1020
579
357
632
655
617
550
318
940
280
712
880
535
41
482
625
866
434
147
283
914
999
575
66
30
626
3
96
247
52
335
455
820
643
18
834
467
287
396
932
474
720
585
659
559
244
334
629
499
560
152
891
651
142
767
570
248
888
875
1010
984
212
897
995
374
986
380
898
849
549
975
254
676
876
691
252
70
858
217
188
458
68
648
135
872
23
464
964
759
787
281
457
865
971
916
782
1006
588
683
727
402
323
737
456
439
911
206
222
477
666
214
930
265
851
488
703
544
987
186
631
34
221
423
970
294
354
905
692
46
137
326
751
89
138
564
661
128
67
490
32
978
5
558
990
261
491
241
833
582
1007
102
777
928
1015
304
462
451
371
608
274
56
430
345
910
463
497
472
404
772
923
185
393
934
698
447
644
569
518
663
561
538
638
548
857
724
785
498
253
476
157
921
702
1023
242
425
682
486
673
856
609
231
146
943
956
375
159
421
817
843
819
641
332
562
496
303
195
109
524
435
260
416
429
610
668
49
93
471
454
181
752
437
816
19
537
590
107
746
272
985
881
489
654
634
347
640
269
567
652
289
619
966
520
121
531
884
413
786
9
864
809
862
13
385
776
14
145
198
100
40
845
170
88
112
508
859
71
78
101
764
459
350
12
853
656
284
924
516
197
512
475
870
460
415
165
300
988
790
597
200
27
36
707
461
468
848
808
542
249
892
1017
606
50
947
902
431
616
868
633
762
487
440
410
262
442
592
565
1018
690
268
59
658
139
84
58
319
528
1022
438
22
449
503
576
207
958
63
448
330
836
909
376
742
768
69
757
521
255
250
427
400
484
29
353
731
594
527
730
931
822
941
343
802
886
270
417
780
86
126
340
355
167
384
804
603
80
11
901
236
358
311
507
90
863
501
684
593
586
95
844
523
87
627
783
322
755
547
525
693
53
695
309
6
161
28
732
310
256
813
754
123
158
895
17
238
116
677
377
465
555
403
213
519
602
598
408
701
480
885
258
840
92
168
717
305
540
111
42
360
589
259
55
20
950
546
997
568
174
718
39
541
218
132
179
356
784
291
450
288
1003
156
974
348
679
827
517
1
420
878
980
961
887
65
591
386
687
275
178
15
522
642
671
667
689
536
551
694
344
75
85
297
189
325
44
201
443
696
483
99
192
957
613
302
912
81
959
773
879
903
595
949
209
624
266
392
131
801
761
622
365
292
419
981
729
500
150
205
120
453
445
155
79
239
722
647
313
341
129
495
72
43
771
48
721
316
267
913
54
173
412
441
688
