2965
2178
1644
1565
2546
1536
1848
1598
1885
1712
303
878
1201
989
648
12
387
416
1639
2118
752
1348
2478
11
290
3067
670
749
2119
2240
990
1543
1209
1212
1194
2833
92
1312
1555
709
2268
2905
1160
840
1604
1293
1736
2338
2415
133
2981
898
3022
2683
2605
558
2441
536
2618
735
1819
1461
1591
2374
220
50
2720
244
2122
54
531
1940
1238
1807
3054
1652
1082
2835
2675
530
1892
1190
2424
1761
2533
695
247
1460
971
830
243
1123
2402
828
307
2550
2404
136
2364
235
2466
1016
1424
1937
1853
2768
2802
2401
9
2426
2353
1419
1659
819
1785
505
187
1278
905
724
2079
2023
191
632
1670
2770
691
2459
1888
2453
906
2053
2956
493
2179
1182
1471
486
94
2414
2361
2429
2360
1601
2513
1353
1108
937
3025
1929
1130
2568
1877
1847
2571
2098
1265
1790
2000
2083
1085
86
494
64
2556
2412
388
1808
2110
2733
3050
672
1554
1241
2187
3
512
2208
2356
2503
1094
2462
2831
2324
2794
361
2660
2786
1122
1003
2403
1696
1772
2918
1257
763
1806
2380
41
1165
1563
1788
929
855
1001
324
2016
1102
65
2651
1899
2388
2407
2518
2812
796
2288
890
1725
474
1729
68
2004
2638
2103
1740
329
2873
2348
2221
1025
1680
350
2987
460
1292
718
1014
2745
2464
1163
1582
1669
1946
2021
1116
477
175
2148
2774
1547
2728
408
2470
468
757
2256
860
2410
973
699
2581
1168
2908
1718
1756
1261
2860
367
594
776
1870
924
2349
119
3059
2701
1539
21
521
633
2674
952
2608
134
1405
2527
837
115
1079
2771
2724
2988
887
1764
2793
386
478
1821
2601
1180
131
14
1623
201
1540
2606
2735
1359
2160
2844
3017
422
446
723
832
1478
939
2055
1783
1976
384
499
838
2350
453
1930
2077
1484
3046
1546
1895
2662
488
1416
2457
1349
261
901
2600
2271
2307
977
1060
827
1531
2259
2894
1871
1942
1157
1859
2799
1801
944
2577
1495
2782
354
2385
2489
2704
2330
297
2115
2067
2363
1684
1523
464
2713
1487
868
2209
1147
1178
1136
2573
1392
2500
1291
948
2163
1800
1132
1948
1571
2017
1777
2065
2052
2400
839
1166
1306
1408
2422
1429
2920
278
813
2736
1917
935
2955
2610
2185
2570
1504
904
1226
1117
144
163
2261
2946
1240
1202
213
166
1992
1158
2753
360
970
2836
849
1753
1634
1719
2567
680
1399
2997
2475
755
2609
434
1837
2806
2440
1033
323
3016
2895
1580
390
2170
3037
881
2477
1812
2317
617
738
978
549
1451
756
1713
2339
1311
1896
1115
456
3034
2373
1191
1661
393
2976
1532
1514
916
1112
2456
1776
1852
754
908
1041
766
2878
3072
353
1192
959
2255
966
2134
1299
2944
557
668
1140
2340
569
331
1791
2048
644
1707
704
1111
1373
2611
192
2074
927
1694
1974
577
833
2925
798
1022
180
2309
2167
2807
1955
1567
1139
396
1368
626
2250
761
2709
2496
638
1763
548
1400
786
2984
1612
986
787
1599
2864
1766
951
2677
288
2490
1614
1517
1183
1087
750
1489
1744
2024
2897
2087
2653
1011
1496
159
825
1314
570
2001
1717
820
70
657
20
1273
419
319
1898
722
2158
767
2759
2517
784
97
1773
2045
768
1446
936
2344
2298
586
2174
2731
1346
923
1640
2592
2534
116
2929
1439
2277
3049
1721
487
1986
1338
2452
2995
46
2994
2064
3031
1027
1107
968
1371
1227
2293
2723
1073
1336
1387
2932
2839
2219
2585
88
985
2922
3069
2602
1767
273
2734
2540
1477
1018
335
1030
110
947
1385
2139
2933
1716
697
336
1267
2033
2968
1141
2681
2168
205
316
152
2980
842
2791
344
2175
1210
2910
2901
1645
2136
991
177
1352
1962
2690
1542
315
1125
1737
1997
2824
2685
2197
2296
475
2289
2220
2877
1297
2928
2615
236
655
2495
1480
1949
598
167
1516
2813
597
2718
643
2547
1086
2390
1794
2644
2206
2648
1135
202
2408
337
925
1538
2198
848
2176
1985
789
1674
2038
1452
2510
1913
1248
1510
1091
772
666
122
513
1283
465
2444
2091
1243
2031
930
1866
1124
2545
1198
2800
1382
609
251
471
2837
2186
1952
650
1798
1153
1972
999
105
2173
1667
2109
2838
3051
794
816
1321
1943
1733
2767
802
2310
2625
266
2190
1602
1341
165
2043
1549
2560
2269
2820
1391
1110
1047
624
2435
91
703
595
1702
1151
260
733
2369
578
918
126
1277
912
2974
1921
1491
1842
1019
2279
808
1344
1533
2743
1742
599
1864
2998
1320
676
2355
2248
2620
1407
551
2406
646
433
340
2950
2777
186
1723
1440
1558
911
996
200
1469
2532
2384
2622
759
2142
1289
2691
1131
2257
249
1886
867
2599
2359
2315
2698
992
620
2891
2203
2810
2951
861
2155
2183
1250
2193
1836
1844
662
238
1648
1053
2621
2519
737
240
1298
782
182
678
1889
281
2313
425
234
922
1048
1875
1616
1285
2471
903
2084
705
783
1319
1064
1714
2667
2566
198
511
1055
641
613
2132
2191
544
2880
2205
389
2966
953
2450
300
1765
2569
489
1551
2484
874
563
295
546
250
2761
2463
778
1377
2780
979
2506
2234
2040
2335
2746
593
1996
2583
2146
2552
915
1008
268
156
2230
93
1503
545
560
834
2263
318
108
2796
1237
956
514
654
2710
2789
2938
2626
780
1878
1687
1646
1006
1803
2088
143
576
2181
1752
2236
1527
2027
2080
171
1839
160
1883
572
1813
1570
13
2311
469
2765
997
732
1706
25
1724
1701
216
507
1499
1036
2214
2488
2439
2222
1260
2656
1334
2930
669
1650
506
2366
1868
305
184
1827
1832
762
1799
2555
2852
485
1207
15
2582
1474
1505
2114
960
2921
2159
2769
1232
1541
1365
1488
1782
2889
1118
2861
870
846
2634
1266
138
59
23
2409
684
1428
2152
1686
2438
2368
1367
1133
2337
740
1779
913
2665
2594
1699
2076
1470
943
2565
1434
2149
2451
311
2711
2233
2703
2561
942
1632
1412
2963
349
221
1784
753
831
3021
2314
2180
1641
1911
1969
372
1893
2267
803
2699
764
1530
2443
287
259
1398
792
2382
636
1340
1109
1379
2579
1164
872
1828
498
2816
1280
355
130
853
272
67
2511
1987
2492
1045
127
873
1664
457
373
1386
2423
1437
2437
1383
1658
1738
1134
1199
2914
2502
2427
1597
32
1730
441
1855
2817
1797
1662
40
2228
77
369
2508
219
1498
1980
48
2909
262
2454
2536
1507
330
1026
1184
2892
683
1479
836
2787
195
117
1323
2730
1402
2116
1626
845
1846
2999
1518
865
58
1575
2199
395
2890
2828
1872
1234
1770
1425
1490
2754
2153
3004
1891
1062
1363
2788
2329
2702
2303
2321
2954
2467
1610
1040
2028
1994
75
2538
1189
1301
1315
2531
529
2144
2479
2587
2218
1814
95
2123
2884
2670
610
294
2292
2211
994
1805
623
1867
118
2578
875
622
2916
2549
211
580
1617
2096
2345
1156
1928
1970
1651
2943
366
2749
35
2237
2342
1758
1561
1579
2002
1161
1145
1971
1628
2066
500
10
147
1144
700
2006
2262
2476
2747
2990
154
2815
520
1936
543
527
1339
1271
279
2287
394
1569
689
407
1854
1028
2896
1279
2383
2377
1397
2757
717
356
2666
2497
1075
2354
3006
2284
2952
2551
888
2389
1625
975
2589
1786
2849
2986
174
2215
274
1849
1564
653
2468
2804
1600
1316
1909
440
781
2874
2706
615
1362
455
2093
522
1421
2678
2913
2924
774
961
2763
1751
2870
625
1901
2299
2617
430
987
197
2009
2825
2075
1603
2326
809
550
2985
1024
962
2853
73
1288
129
921
2062
2243
3066
55
2372
866
1218
1811
2575
2671
1325
2911
940
1606
432
1264
1217
1671
312
428
2161
183
332
2090
949
2430
269
1727
3028
2750
1735
298
76
3055
1830
1689
2970
2362
1442
141
467
3008
2619
1127
2274
1077
109
1196
1044
306
2270
2936
2858
320
2885
2056
1552
2125
2641
3009
409
2051
1327
616
2906
2049
227
1069
2151
910
2391
1216
470
1655
1926
983
42
1052
463
869
3052
1481
1977
2588
2
2011
1035
2082
2102
1366
852
270
2100
2631
1114
1966
2580
857
1576
199
2312
1593
2778
1583
437
605
821
2504
1809
2058
1918
810
7
2347
291
1106
1332
775
1858
1562
1364
2863
1608
2046
2334
1167
1388
2872
2639
3019
56
381
2558
1595
928
207
2328
140
112
328
1568
2779
2960
1294
256
2445
1462
2524
2358
1585
1544
1467
280
1284
2945
2461
57
2325
682
2612
2931
2544
690
1526
946
1268
1945
1333
2821
5
2244
2846
3012
1070
1205
264
62
225
1728
223
2141
1833
523
383
114
1820
1876
553
2128
128
1056
1629
1925
181
2417
185
1500
3048
2258
2162
988
193
1142
1907
3020
1692
338
1126
931
1697
66
1225
964
751
2755
217
8
2089
2623
713
2332
2169
3029
2737
2842
1589
397
80
1058
1354
104
2696
2396
1215
954
1861
2019
635
1865
1390
2792
743
252
2397
2280
107
1099
1681
459
1560
1007
2145
454
871
2526
1324
2604
1572
2739
1173
799
1594
2996
1057
2740
926
2708
1063
31
2217
3039
210
1369
1574
2138
1475
2485
1592
2964
3064
1331
3056
941
1835
106
481
2147
1665
438
2971
2947
2036
2862
745
2239
2413
2505
2525
3070
2143
1038
69
932
2127
1083
675
379
1919
1850
2520
863
1422
2692
148
162
1347
1370
3010
2919
232
1441
1251
2039
1933
1137
1023
2819
1741
1455
640
222
1780
2803
1890
283
239
2732
1009
1535
1472
1020
27
800
164
1061
2865
621
1242
2624
2848
2879
634
658
574
1768
2436
3062
53
1709
1506
501
2281
2231
2907
3060
642
532
656
2841
1304
82
1214
237
1150
2869
1691
859
1636
2633
1088
1963
2367
2627
2238
1326
466
2212
2557
1968
2433
1427
1959
2442
2607
1032
2229
2308
1676
132
567
2135
376
2535
2432
2020
426
1343
2657
1100
233
2512
715
2108
2530
1302
2586
712
2514
510
1880
1778
1005
1824
1528
3042
2073
2322
919
1732
343
2018
1454
1931
1322
2655
479
719
1208
1172
938
2306
2387
1206
203
271
1
1406
2081
1342
1272
327
1874
779
2008
170
4
445
1443
2982
2097
850
2851
1360
1396
566
1512
1668
1485
2694
1621
747
2140
317
2669
3036
2171
1204
1695
727
2189
412
1358
2156
934
1101
1581
661
2130
2431
1643
1700
2416
2798
296
2523
1550
2659
854
2823
967
696
2593
1262
2376
1513
591
1403
2840
519
2047
969
993
2847
1239
730
777
2235
2726
2455
1615
2541
1990
1703
49
1249
2365
1815
314
504
1252
972
1704
612
702
1307
2616
741
3061
1912
359
773
1187
1642
2487
1372
480
554
2061
2104
1002
1054
1357
2760
2935
540
731
1492
102
2693
1286
2351
1902
145
1004
3053
1924
561
1757
3018
3068
2482
2562
1748
2318
2196
1746
1186
1771
3014
2912
1076
2967
2978
1548
1556
2491
3033
608
1281
405
804
1934
2521
2072
590
535
2411
2465
2822
2150
3013
2107
2742
1620
1220
1905
630
402
2679
1831
1409
515
685
1932
2712
2654
2474
760
365
1841
139
377
1433
2266
2629
2672
99
1459
1448
1497
492
879
2204
1458
1197
1042
2663
1309
17
277
442
1524
2421
2398
1923
1410
60
96
1983
606
1851
1175
230
1093
1958
896
2129
2682
2613
1900
1231
1067
2393
2449
708
1179
135
1647
2539
2645
2015
2553
2316
1520
2563
611
671
2647
123
2195
1666
2106
2941
1295
677
1043
79
212
1330
1276
2590
275
1356
2242
265
2559
1633
2603
2264
1393
125
725
421
1483
2953
2752
2177
89
2902
883
3063
746
1374
1978
539
1988
71
2887
28
917
2741
663
2867
2060
2420
87
452
362
1104
2522
2875
694
1810
1720
450
364
2276
1329
637
1317
2182
429
1906
914
2105
1310
2664
957
2063
2032
1566
2295
418
886
120
1074
16
2201
124
1423
424
2232
1845
229
714
34
1688
2037
100
346
1693
856
1253
1726
2224
1915
1413
1769
2501
2676
1090
2516
2882
2528
326
1376
2719
2632
955
1660
1473
1258
253
1795
2843
1973
2776
38
688
812
2300
1195
2124
1274
1781
1731
19
1869
1119
920
2029
36
2207
701
785
771
1843
524
1857
1578
2927
1193
1211
113
1380
2030
806
189
538
24
206
1951
2247
2113
1675
1879
1657
503
157
1401
2888
2784
1745
1950
652
1678
2304
1573
103
2253
1438
1993
3003
443
1998
1081
2992
2425
2275
1034
1656
976
1464
2661
1486
823
43
660
1622
2121
2111
1755
2057
2133
2022
483
2646
427
1378
1927
533
1521
2483
2323
3038
415
2290
1313
254
2923
2003
894
2054
2494
2285
2272
2473
1545
85
2025
149
2319
2700
889
2446
1414
1637
568
2904
1982
1494
3065
1884
146
2460
1128
2241
1420
1466
2900
45
958
3011
2598
158
1508
2282
765
2071
2188
1840
698
1607
801
963
1152
2898
571
245
2991
679
84
1922
2714
3000
1185
1418
1685
3043
3047
476
2395
2915
334
1445
1984
674
526
380
385
1121
1953
2668
1468
153
142
423
770
1046
1792
1894
534
1170
1682
555
516
1630
2673
1939
1010
431
793
1673
790
2352
2481
1873
1944
627
1230
218
1174
2226
150
601
1793
39
1935
363
797
2790
1146
2642
263
900
3058
414
83
413
758
1743
462
370
1903
2574
1246
2378
1350
1375
2783
2826
1557
410
1989
1059
729
1750
1501
2738
2213
1654
1789
169
1355
2499
2294
1129
3015
2845
2652
824
3001
400
2809
248
1705
472
301
2346
984
2458
1754
495
1223
2302
1679
1224
965
1672
1029
2216
1829
2762
651
1609
1394
556
1256
851
398
909
829
2687
347
788
2498
242
2829
843
1618
2537
2859
258
2448
209
2069
2327
1588
1269
1967
841
1436
2883
1834
2245
2480
686
2202
1000
995
726
282
448
2095
3035
3032
449
1097
734
897
1553
2977
2251
228
1818
1683
1605
1739
137
208
3040
2386
1910
2635
2650
276
1822
2903
2640
1181
2695
1303
2705
1444
710
348
528
2751
1275
2766
1120
1975
693
2934
2871
2725
2419
1149
2948
1938
375
2744
1663
769
1677
321
2041
1068
2070
3071
1188
1856
2068
720
1411
2157
588
1287
2814
541
2832
1995
1254
2034
582
1774
2273
2926
1389
2628
1417
1318
33
1649
721
2120
22
2748
564
368
178
2472
1747
1113
155
604
575
1453
585
1270
2379
1300
2729
2227
2381
2246
1817
420
1522
1537
1710
1823
214
473
584
1862
2035
817
2643
286
502
1698
1838
2343
1860
358
378
2961
835
895
1449
1653
2254
1775
1802
51
447
411
1169
304
496
681
880
1586
706
2756
1881
1941
1092
2515
2979
1759
1096
1012
2005
884
2447
1463
3030
2989
2564
374
1255
2886
2797
1065
1089
3073
739
44
1482
2375
1221
78
1213
2192
2727
345
847
1103
2101
121
2596
37
2493
176
1796
3045
2899
1584
2405
2200
1502
795
822
744
285
981
1177
1816
1825
241
1465
1296
2320
1965
2591
1039
29
2399
1031
1143
607
2722
1447
645
168
2773
81
2758
1021
1749
313
1155
1395
1095
1415
2078
1787
603
818
1345
2721
2126
357
2958
2554
2086
509
1624
391
1015
458
2715
2137
2469
342
1961
497
61
482
1435
1072
687
215
172
3007
161
1247
299
3026
562
6
2680
2637
1708
583
559
194
30
2507
1430
882
1222
902
1964
2341
2969
308
877
2543
1176
1476
600
1245
815
659
3002
371
1882
998
2834
1804
439
542
581
98
982
231
2649
1105
1384
339
2881
2044
1051
2225
2959
1050
179
1947
284
401
1219
2801
2301
864
257
742
322
2975
2286
1337
1244
1305
1863
2717
673
2392
18
1887
1897
226
791
2576
2972
1596
1308
2716
711
893
2917
508
2194
1456
2630
950
2013
2957
589
2684
289
2830
1954
490
111
293
2370
1638
1426
2688
2949
907
2283
1722
302
2164
1148
392
3041
647
1914
2636
2781
72
2893
188
2154
101
190
2007
547
1381
2572
3027
1078
436
3023
2092
1734
2805
518
826
151
876
2184
1037
1200
2165
2336
1066
707
491
649
2795
1013
3044
2166
1956
2249
333
2854
2117
2278
1259
2085
1098
2939
341
1991
565
2331
1084
2707
1577
1908
2371
814
2775
1335
716
1904
2297
2291
451
1071
1017
2059
537
1715
2850
2260
1282
399
1587
406
1611
196
1619
2808
1431
665
292
1203
552
1233
980
1960
26
2486
2012
1826
1916
2210
933
309
891
619
2434
631
525
1979
892
596
3024
1080
90
2856
1635
2868
1690
2658
811
1515
52
2827
2265
2026
736
667
2686
2131
1404
352
255
2252
805
618
1760
2772
351
2785
1534
2099
2172
587
1511
2818
2689
1627
1981
2050
807
1613
2014
1235
435
2357
47
602
1920
74
1957
862
1138
1154
2764
614
517
2937
1519
2876
1529
639
325
974
2542
1711
1361
1999
461
1631
3005
692
310
728
1493
2584
2418
1509
1525
2942
1351
885
1162
417
382
2223
3057
573
899
2614
945
246
2962
1590
2993
2094
1236
1263
2697
858
2983
592
1432
2548
1290
2509
2042
1457
1228
484
748
2305
579
664
444
2855
1450
403
2597
2866
1229
2857
404
2973
173
1159
2529
224
844
1328
267
2811
1559
1171
629
1762
204
2333
2428
2940
2010
63
2112
2595
2394
