598
315
175
362
796
742
56
398
521
601
683
396
569
929
873
969
912
621
141
383
947
133
745
285
662
697
112
994
469
88
69
171
679
658
54
902
163
733
978
689
828
456
625
253
905
302
283
587
363
342
653
1004
523
284
819
899
504
568
85
845
713
230
233
47
780
514
248
903
471
107
359
452
336
572
369
789
821
332
831
816
161
740
996
83
341
232
18
881
158
574
222
513
850
786
993
240
481
714
579
527
804
987
420
451
134
329
146
808
805
446
159
478
707
539
89
71
990
626
680
94
361
58
674
751
337
623
645
856
1021
392
638
231
725
605
716
213
35
153
1005
353
274
690
162
474
765
29
743
355
127
23
694
442
876
5
40
117
649
489
858
226
791
889
722
410
676
779
137
538
581
763
859
139
185
374
798
580
4
782
600
413
418
813
44
436
152
447
326
980
273
552
502
865
385
651
156
719
409
542
885
775
611
458
747
511
490
1007
702
644
114
793
440
97
652
748
192
257
817
287
75
532
971
543
288
795
55
700
260
612
606
1016
270
217
560
830
9
438
59
317
563
157
995
668
313
126
671
8
508
25
178
766
972
933
678
634
401
730
764
851
399
945
164
142
115
590
65
266
712
962
604
299
843
799
919
482
699
252
627
80
296
437
936
42
237
275
570
125
544
19
123
706
254
584
79
425
609
496
250
292
218
675
870
113
802
895
244
967
927
546
512
860
169
364
485
376
656
116
468
758
599
939
130
888
277
772
102
105
191
377
338
39
1000
172
952
99
904
198
457
143
1010
258
151
564
790
657
877
397
465
405
961
846
854
910
36
475
660
753
869
331
922
197
825
997
618
820
520
208
691
379
488
316
887
108
907
944
863
823
771
435
382
375
174
986
96
837
411
958
610
138
294
28
588
26
900
522
551
774
493
280
991
263
964
322
832
661
807
852
608
593
592
291
432
460
21
45
874
812
977
110
829
476
381
307
970
901
720
60
12
586
13
589
738
648
602
347
391
267
1017
949
189
318
207
346
358
847
833
734
245
247
756
503
884
190
11
241
428
328
974
672
466
308
698
211
180
659
857
135
841
824
325
616
371
367
607
360
439
834
62
664
84
256
781
200
492
494
181
567
1
406
48
297
431
448
639
219
573
955
70
407
366
306
301
537
373
293
510
228
73
794
145
289
1006
628
948
534
673
866
314
53
472
642
555
290
1011
119
487
617
620
111
3
187
235
429
953
878
402
344
732
100
166
973
613
101
170
417
559
778
965
770
822
561
839
304
387
935
526
50
908
220
234
52
941
357
199
238
992
82
777
525
985
298
345
64
979
540
531
148
327
351
27
723
177
349
583
269
93
718
61
726
677
810
449
655
415
506
721
966
121
545
891
741
896
937
670
109
196
155
924
752
701
710
681
685
783
1003
960
915
650
223
886
368
310
767
784
184
395
224
761
51
594
90
225
696
441
989
131
999
724
202
182
128
227
578
515
499
426
906
77
571
931
450
204
350
959
412
619
615
122
356
954
427
246
74
37
467
595
708
150
556
33
67
739
365
215
848
669
459
633
536
486
762
921
243
894
118
173
792
498
1023
434
746
443
918
647
335
91
95
968
255
951
517
787
641
603
1022
582
324
1020
566
788
278
577
988
497
389
393
404
530
453
688
744
703
917
519
975
388
136
768
86
203
862
6
548
370
445
736
666
212
630
682
840
665
186
717
22
43
271
103
760
541
1024
759
333
731
464
849
930
654
892
311
835
528
1012
272
422
882
663
755
268
1019
216
940
897
390
868
378
334
872
709
801
66
591
867
800
643
914
729
880
984
1013
188
147
749
72
727
276
132
309
879
167
209
622
281
120
932
562
352
479
20
898
981
826
343
480
533
957
871
31
686
553
249
557
400
419
81
41
836
461
750
286
300
124
34
205
982
776
319
811
635
893
30
295
477
549
149
242
495
597
206
875
963
844
261
631
470
814
596
104
491
201
473
507
194
575
394
408
423
38
57
195
913
809
330
637
384
463
424
7
842
547
32
715
1014
229
348
264
1018
484
585
46
68
737
928
976
911
454
262
168
323
757
15
827
1008
998
614
883
554
106
210
667
934
926
430
154
818
576
853
838
803
462
983
500
1025
483
87
692
942
797
565
16
24
76
769
909
340
433
516
524
144
684
312
421
1015
444
239
518
354
501
14
938
386
282
558
63
636
785
414
704
956
2
321
98
165
695
728
1009
950
629
890
773
78
754
236
1001
1002
861
735
646
806
705
17
693
10
505
509
251
403
305
920
214
140
129
259
624
946
416
632
815
179
372
303
864
265
535
279
221
855
455
711
687
529
380
176
916
193
339
183
320
160
923
943
49
640
550
925
92
