2313
1436
1098
13
901
2912
1195
99
1371
2184
369
148
1896
1107
2037
1360
162
850
436
2663
3042
964
535
1596
2979
1674
195
1683
1039
1183
1327
1408
2691
519
2627
2179
58
3018
1735
2853
567
1117
121
410
2005
2491
481
2932
181
1732
2194
621
2562
1791
1385
1484
1870
2467
949
37
2785
2849
594
1308
745
1522
1451
799
2295
2695
465
2468
2546
1718
1031
1365
1802
2540
2143
385
16
1693
2367
2157
2084
1882
129
694
2303
2333
1140
577
2802
482
652
1751
132
6
1024
2310
2251
1324
1010
786
305
1912
1045
2085
2038
183
742
680
239
2495
1145
1423
2779
1928
715
1079
2601
1340
687
1476
313
2864
1294
2648
668
826
1057
1745
2702
990
1695
3004
1800
1953
643
1425
323
2363
2977
192
1645
2880
831
1244
1924
342
899
1494
2001
1189
1369
1799
1134
827
1218
335
666
842
1073
2518
2350
1649
2329
404
368
2620
2708
2297
785
636
325
170
1101
2103
1443
2892
2883
2263
2808
2587
951
1355
329
2113
1921
2825
943
2240
1646
2294
1271
1159
336
219
142
2316
2922
1797
1455
704
1405
1114
2112
388
9
2271
2575
240
2778
1752
459
3014
1521
2306
1375
2962
1399
8
1999
2380
1391
1323
2282
2933
154
2222
1927
1794
11
1307
2322
1641
793
661
1337
20
919
1527
1589
1878
2029
275
258
2942
260
1976
2856
350
2532
1473
2818
1874
1492
1973
2022
2007
3008
2703
1379
223
589
1949
2969
1956
1224
2569
461
1268
1489
2987
2348
356
2669
1007
1099
2515
1532
2104
220
2420
2636
268
449
109
165
1298
2511
2693
405
2227
2908
1510
149
771
543
23
1832
1215
256
2059
585
1716
809
502
2997
3064
1467
3011
2050
1526
2854
2056
2589
2256
44
1437
1960
634
2241
2456
724
1864
1136
2744
2819
549
2319
3028
146
1804
2939
1447
2573
1821
296
598
2614
584
2031
1583
428
3039
772
2139
39
2501
2594
3019
2646
2212
977
2970
2356
110
774
172
430
263
769
291
12
868
2660
1490
1018
2478
2013
2924
1515
152
2017
2937
2197
1090
2749
24
173
217
302
1054
160
166
1969
1540
2522
1774
941
3031
1332
1997
696
1281
2283
2956
2781
65
1891
2344
52
1361
2673
938
1827
2938
1624
3007
2345
2729
1994
1755
735
2860
396
247
376
303
718
1380
631
805
783
3055
35
2814
1068
282
1285
1601
2700
2615
2429
277
566
723
2755
2119
2986
624
2699
2216
151
939
2733
1051
419
2830
395
645
1127
1382
2061
2917
712
2881
1666
1618
2725
424
1542
2897
108
863
1495
2339
1273
3023
992
928
437
895
1169
642
2461
2136
1387
441
1679
2988
1616
701
2773
1205
656
1313
2371
1796
2301
2752
1712
423
1945
2137
937
796
128
907
1196
1317
287
2439
1691
343
973
732
2963
1239
1424
2523
1639
2158
2502
777
1243
45
586
2706
2334
2407
1032
157
2099
2955
2203
2592
1636
2506
2292
2233
241
1351
2553
55
1485
2680
2213
135
2095
1240
491
136
2392
1284
2192
445
2618
2418
2905
737
361
1676
2993
1096
1770
993
2474
1188
2767
2097
1439
1965
1665
904
2745
2234
330
1277
59
177
1511
2728
1315
2324
2289
999
1917
2156
1452
2906
762
2448
189
1577
2075
353
1659
1715
2645
280
1605
2098
2170
1991
2561
91
613
1614
2520
561
2068
958
1545
2675
628
2290
808
2586
721
2596
2336
257
2549
1221
1152
2249
733
1687
27
2124
1104
2525
790
2055
825
2940
2677
2727
1481
1844
1400
2384
832
1946
1115
2910
898
740
2020
2763
1516
327
1990
1311
174
1393
633
2000
1150
2877
606
950
486
2661
588
250
272
2780
2198
1102
300
2991
635
2837
1472
371
2086
67
2187
1841
1434
1631
1702
2426
1737
2936
909
2799
980
2413
227
1871
1657
669
828
1792
1138
1970
402
2484
2129
2640
2235
2720
2457
716
2527
2872
1539
1643
2635
2568
1470
1868
373
1859
1664
1503
2218
2242
243
1926
3027
1901
1416
2231
1450
600
1223
2462
2404
927
1264
1634
870
1067
2888
1615
1789
393
1406
281
564
522
504
1681
117
289
877
2829
776
1043
2428
1761
2121
2161
101
607
2626
984
1558
1093
823
653
345
2764
2026
156
1217
537
583
1855
2536
917
545
2284
2376
2861
822
1262
125
1418
1097
1967
411
2164
1329
1783
412
565
861
1734
2160
1764
130
324
2535
421
2859
2978
1916
650
1913
2442
620
3069
1934
417
167
1237
207
523
3022
2545
1214
2015
2584
1932
655
507
1326
116
1773
1619
1113
1139
2349
1719
230
2870
2417
414
349
1269
363
26
1561
1938
884
1673
2201
1830
1034
837
1087
2690
1602
1180
2453
1726
2091
2748
1089
2513
1925
968
1463
526
3016
2832
2431
232
310
2787
2631
1644
2694
681
1954
1118
3054
2865
2189
235
2617
377
2605
1836
2827
2489
961
2578
946
1404
391
3021
849
2111
490
640
719
2915
1120
1359
1376
297
95
2901
1708
2476
1694
1556
2686
1468
1668
1124
3038
1551
1111
1182
860
2403
1807
1763
1625
2030
2016
675
2180
2921
1258
2683
2517
962
726
1559
1386
429
1704
1094
1697
947
1272
2804
1690
1876
1374
3024
120
683
2558
2361
532
540
2949
1661
435
1201
469
90
2479
1429
875
2077
1066
2585
932
1353
615
663
49
432
570
126
539
833
885
731
618
408
1213
819
2207
2701
765
1193
1211
882
813
2674
3029
2560
1251
2093
2434
2397
1163
2855
2667
328
1431
879
840
1154
73
2299
106
3046
2347
649
525
1172
1682
306
2132
2790
865
344
2052
2247
750
1106
2610
1846
102
1348
298
739
105
259
637
362
163
1908
1689
880
568
911
1446
1842
246
