935
499
268
313
484
934
920
137
250
888
589
690
464
702
865
562
712
953
58
448
656
998
453
365
772
579
704
221
586
275
647
847
237
795
301
569
395
315
945
514
405
903
786
398
64
1009
887
793
938
411
637
762
427
645
69
279
255
551
68
449
927
310
91
99
730
743
355
942
218
770
512
682
306
49
914
749
154
44
305
521
604
393
489
89
996
542
849
731
372
896
537
182
924
724
851
493
95
991
414
186
623
430
550
860
695
568
207
136
371
100
999
814
835
946
549
297
389
208
478
822
312
285
330
792
460
532
687
257
392
947
429
966
432
612
610
170
86
2
245
871
1003
518
751
916
197
810
286
60
639
235
205
105
119
127
30
126
613
677
416
853
19
671
269
705
212
615
101
592
585
483
94
444
755
834
401
496
660
904
874
684
519
603
633
607
599
369
884
18
636
165
648
349
882
995
708
911
952
818
39
81
574
932
797
812
897
867
791
663
413
115
435
470
625
974
840
700
458
856
624
166
590
225
925
471
886
570
183
236
617
720
937
555
382
785
869
307
941
674
192
802
736
276
149
418
256
289
681
680
819
191
511
510
949
601
540
114
535
374
17
111
75
794
686
415
41
854
467
201
844
37
894
631
422
304
864
296
466
547
433
804
1018
394
693
673
231
258
366
831
403
506
163
391
664
131
337
24
756
538
800
139
670
658
711
990
683
381
260
782
520
678
179
336
122
587
504
827
740
259
516
146
732
752
243
826
567
241
503
982
534
359
148
292
880
984
79
843
1001
5
552
575
249
358
479
606
194
333
46
559
527
729
228
1004
1016
926
661
758
875
244
790
486
921
892
26
955
823
1008
997
434
668
246
975
370
973
210
895
171
779
311
441
72
396
233
862
352
199
400
541
50
970
321
878
760
513
883
323
619
492
271
1
889
7
781
566
767
373
383
591
457
232
643
423
614
354
340
420
943
278
190
327
841
640
295
644
807
1010
106
738
447
361
252
25
130
508
417
968
557
385
816
1002
1015
317
560
425
580
505
913
468
833
698
699
13
611
169
931
375
774
117
719
368
463
960
842
195
56
133
776
153
657
175
450
274
576
593
472
363
67
500
1022
775
919
989
685
267
1007
899
517
621
746
82
733
174
747
907
23
351
141
288
211
203
965
872
251
410
515
440
4
801
634
387
980
302
494
22
129
598
858
177
446
348
976
1012
204
544
930
922
553
362
11
424
397
627
356
650
876
616
329
264
42
40
172
343
227
1000
291
877
15
124
597
320
531
721
501
234
452
905
821
222
404
988
961
936
971
891
132
641
766
150
703
1014
261
909
107
325
824
451
646
536
915
247
406
61
583
328
933
588
377
622
825
977
437
495
832
655
748
796
436
918
1006
652
481
138
718
923
143
282
10
689
885
144
768
316
318
74
217
284
161
196
185
3
102
465
20
524
335
665
522
642
103
735
431
992
380
836
193
868
944
993
402
226
303
561
485
159
963
379
319
618
959
140
158
863
630
85
879
594
898
32
573
189
688
811
215
350
223
6
128
750
691
314
716
497
476
253
38
788
771
609
881
147
181
73
808
322
893
696
798
958
272
326
412
912
184
277
294
556
1019
262
93
985
477
300
360
706
263
156
910
482
964
167
113
1017
407
983
572
582
533
727
940
714
240
27
29
339
846
765
83
507
28
281
287
200
142
564
780
957
334
739
722
386
206
155
87
754
787
525
364
157
65
838
456
928
266
605
866
701
97
462
805
474
357
123
679
308
438
873
8
994
214
455
757
1021
52
969
108
224
168
596
480
345
112
239
209
563
409
763
487
742
57
173
620
469
654
761
63
54
852
399
1020
626
813
229
635
799
773
929
502
803
967
77
384
290
676
376
120
672
367
901
48
951
651
837
488
978
461
33
71
906
669
31
737
59
176
815
986
828
778
972
298
789
51
962
666
845
954
728
47
632
717
855
725
346
92
529
454
820
530
338
783
900
84
806
546
230
178
293
341
857
602
66
188
16
34
908
347
152
490
890
839
830
55
220
309
509
473
709
713
629
902
475
219
76
723
408
653
715
135
109
134
445
950
98
571
110
850
981
539
734
726
353
649
324
280
344
753
987
548
829
784
53
528
600
769
45
692
859
9
759
43
36
180
956
581
1024
744
104
939
62
299
78
741
70
491
88
116
14
187
331
979
917
421
870
554
523
638
628
948
1023
164
90
543
659
121
118
558
216
442
342
777
545
388
595
198
151
694
1013
378
332
710
565
578
584
1011
608
662
254
248
439
265
459
817
390
213
419
162
667
273
125
764
270
848
238
428
283
1005
675
202
21
861
145
443
707
35
526
697
80
242
426
12
498
96
160
577
809
745
