2781
1336
2839
2089
2511
1696
2344
1136
1910
2382
968
2329
1411
1231
1300
3033
155
2009
1029
2542
433
2670
12
1593
1851
1233
2852
1803
120
2947
19
1772
2989
1998
522
2383
2786
144
2944
1228
100
2630
431
709
1131
187
2343
1648
2428
121
2054
1794
2377
2469
752
3015
1645
267
2533
2092
734
1678
119
2493
11
2448
783
854
1251
389
2948
300
143
790
1420
2714
1175
2112
1305
1325
1906
2729
2510
1925
2273
982
3028
2631
2169
1952
609
2480
658
572
1059
2903
464
1504
1166
757
1802
715
305
2643
1684
531
2601
2955
2347
1347
844
1081
787
519
2990
2591
689
1559
2241
916
2314
605
818
324
943
103
1303
228
699
2843
1257
1843
2970
2309
713
2578
923
2827
851
2688
686
2691
1017
2485
2321
1719
1293
555
4
1705
688
181
1075
1172
1232
1623
587
29
2712
1692
1893
2529
1979
2274
2804
1398
1771
855
2522
1119
2066
2203
1270
1000
858
2320
2058
2348
1806
499
2033
654
842
2136
2628
761
247
1987
534
1102
2266
1824
1738
517
1390
2573
2745
2118
2724
2821
1523
2539
3032
1220
127
897
924
2159
1970
318
418
2477
1669
2543
3011
690
1089
213
1333
2722
2531
2710
1365
874
2671
2865
1421
631
2656
303
528
2050
2183
2250
2960
2103
2229
135
641
2268
496
1268
2797
792
1941
1532
2538
1933
1944
514
2255
1246
1991
737
469
2513
154
1962
2782
1167
73
322
2360
8
1434
249
2199
1924
271
3071
2592
1921
2884
1926
186
1111
2022
2593
1040
388
2571
2988
1686
1724
1576
1635
1382
1091
1469
1235
378
1519
640
2647
250
1024
1186
2247
2090
2607
1621
32
2071
275
2431
2619
2110
1418
317
2042
1211
1788
2844
2580
2386
2390
357
789
2256
138
1117
132
14
279
1380
2535
1534
625
1883
1811
407
1750
97
2585
198
1969
1558
925
1241
2992
1680
102
355
1564
122
257
1247
2867
2715
1649
2252
1616
984
728
1959
2025
1093
2023
353
471
1021
2621
828
782
265
776
985
1225
28
669
601
2007
1245
1880
1039
71
2061
445
2719
1744
1208
1955
2465
262
2418
1344
1410
2910
2681
2826
130
2454
1879
539
2219
1722
552
548
839
2457
1637
140
1456
455
343
2787
2748
665
600
10
66
3024
1320
2701
1783
764
1492
1072
1950
2590
2395
2080
2851
2798
2173
1683
2882
1913
2323
3060
2741
579
1307
2512
3048
2327
330
396
54
1130
208
2720
516
53
931
891
2771
1060
1027
217
2779
2754
3023
629
2399
751
3034
852
1838
622
2078
1494
421
2331
2636
958
123
2925
1971
178
2727
2088
2405
65
197
327
1927
1066
2919
1908
1474
603
2520
3051
615
2893
2450
2108
398
700
146
2931
1357
99
1030
1209
296
649
2391
768
1653
1467
458
1262
2976
2588
276
2171
929
1512
2371
987
20
2056
884
201
591
1181
2076
2583
21
913
2220
1489
3001
2339
359
2376
2135
2031
1829
1159
873
2562
2254
1150
1855
394
1184
376
1379
619
2789
703
872
527
797
691
2764
2987
771
1329
2131
95
909
1032
633
1308
1451
1366
2569
1149
235
1321
1094
1865
834
2871
2575
1625
344
1295
1050
2611
698
952
134
1537
1668
896
1376
682
2191
46
2536
1490
2201
2020
893
2289
1708
3018
156
927
2479
2072
2613
793
76
2365
2140
953
5
2411
2236
34
2595
64
2665
2353
2205
1269
434
2641
2259
2194
1279
1473
2502
2790
917
215
2721
694
2752
1226
3047
1547
1428
2527
602
3062
553
1842
2163
1728
2170
2308
1570
2446
1282
2117
1213
2279
387
2442
1571
983
1392
2694
1839
998
1324
1187
2666
306
2946
901
9
1061
524
1854
1552
1676
2047
1631
503
1602
2888
1419
348
1604
450
2139
2079
1057
1864
1373
91
2744
160
2495
1751
302
3045
2168
3044
2702
1560
598
1108
459
1415
2001
105
1222
606
229
1031
2193
2034
1253
1016
1874
175
231
1752
642
1097
384
510
849
1787
808
3010
588
838
996
2507
2160
1493
1822
596
1528
1058
817
176
2010
2315
2483
547
1754
912
767
1572
2814
1930
2777
1511
2459
1853
2746
2410
1299
2270
3021
974
1586
957
2669
385
3014
2615
666
1312
463
2310
182
2706
990
750
2095
67
2965
1815
668
2425
2818
723
1679
570
826
1996
959
1139
2125
1634
2165
2244
193
2523
2596
2668
1260
1966
2943
1685
416
49
1497
477
1863
2832
69
961
933
2709
75
847
848
1163
825
1286
1203
83
1598
2213
2326
2016
2633
260
2802
2116
785
1682
284
740
2521
2409
566
2768
1310
2473
651
467
1103
1265
1866
2262
637
1596
2848
203
33
954
1001
1205
1946
2084
1826
820
2938
2075
1441
2336
846
2397
1943
1180
2012
781
2449
2419
311
1164
1837
2600
2372
2035
2952
1195
1702
1147
1868
1545
1002
220
981
56
2915
57
2121
1561
560
662
2370
634
1543
2158
285
2122
274
745
2606
200
733
2225
2997
2783
1808
325
908
2206
1256
3046
400
1482
1567
1584
2186
1165
1096
2519
2958
992
702
2462
36
2949
2625
131
2359
2734
643
2443
413
1099
2819
254
664
1677
1599
298
2085
2003
2496
1354
2885
2813
2890
2029
2346
273
3035
1073
334
857
2736
2257
2906
2226
2300
2895
2239
2387
1915
2082
1757
2757
1530
1459
1629
1666
725
2444
2471
538
1230
1871
1426
1343
411
549
1360
2069
644
1549
2265
2460
1101
2091
894
291
2231
810
2552
214
1006
351
2422
1717
554
112
3012
2217
1287
2467
151
415
887
289
1770
1805
939
1475
546
687
449
338
406
1664
234
2269
1928
6
2021
2388
1406
1304
1525
108
647
2717
2837
2877
1051
1452
163
1487
480
2723
1613
2677
167
2302
