568
762
99
867
458
984
585
621
494
244
750
964
225
74
748
412
187
905
374
654
139
854
209
675
808
775
658
131
604
979
700
174
578
838
613
518
317
195
165
240
366
663
903
738
601
321
824
401
404
342
478
635
841
397
764
755
566
235
823
424
594
94
883
689
565
281
1014
645
42
587
624
202
790
911
844
960
138
482
812
338
38
819
51
901
132
726
647
83
683
855
69
959
875
749
133
550
1
88
269
490
171
420
251
622
249
531
811
628
319
208
211
672
152
372
879
468
673
626
230
650
733
634
157
224
956
52
896
947
993
407
447
526
114
143
769
737
800
753
454
252
298
190
199
950
389
438
170
917
176
760
926
620
667
989
691
416
865
966
716
427
965
709
220
475
781
967
248
275
48
70
1009
695
862
584
402
688
763
707
729
1021
111
64
19
492
998
246
904
799
894
59
886
988
686
417
735
162
109
161
25
325
30
690
684
915
66
991
521
24
638
948
870
850
504
115
485
433
493
415
227
507
483
1004
853
661
954
741
276
499
78
34
1000
255
669
63
842
164
301
835
972
50
15
377
4
193
588
76
868
154
857
632
203
178
506
218
318
880
739
198
245
837
1015
242
1012
418
322
537
866
608
864
288
136
82
260
449
629
679
929
259
405
273
839
944
623
678
435
512
536
986
728
671
876
470
484
606
103
13
797
715
43
804
785
743
681
767
46
120
9
520
10
383
214
448
552
409
250
745
642
359
45
953
553
476
610
180
286
35
186
221
137
23
14
423
523
40
373
428
123
557
725
437
774
619
283
614
593
920
307
107
534
657
933
68
22
169
541
900
887
12
429
479
32
394
1005
388
222
145
274
130
160
305
636
751
615
740
385
257
860
617
27
961
313
659
957
278
547
646
817
702
201
656
612
662
848
974
233
939
205
382
858
421
653
607
777
450
125
898
234
452
367
921
349
1019
95
330
514
469
459
644
292
589
560
167
861
451
121
501
215
96
803
426
914
310
272
922
337
773
393
150
403
346
2
522
380
41
519
370
149
294
937
527
185
951
912
791
31
897
102
559
414
282
90
49
140
173
126
732
940
431
413
61
602
1007
698
515
909
381
129
177
434
827
1003
889
134
127
807
581
708
116
363
293
981
396
757
516
692
711
440
701
722
328
976
146
488
28
113
238
815
575
809
714
603
907
87
75
503
590
8
261
56
399
525
264
360
913
432
1011
833
949
105
368
271
572
352
371
44
355
332
834
296
881
467
655
955
770
591
254
334
206
343
544
849
918
182
906
163
98
263
564
128
422
561
1006
256
124
1016
6
84
746
816
720
100
969
665
562
1020
885
411
754
994
299
312
455
358
530
270
351
958
243
277
168
473
213
153
1002
630
239
300
142
497
892
166
141
528
542
832
237
357
200
348
92
828
952
226
724
576
873
502
345
498
535
158
517
874
556
453
266
558
57
756
72
806
872
1013
285
60
400
361
86
340
962
353
232
231
510
549
643
693
765
17
419
7
582
821
36
148
97
375
101
297
89
802
204
884
651
878
639
845
395
191
444
810
538
778
747
946
713
386
509
717
104
216
135
223
935
599
155
491
973
487
356
710
156
284
980
430
505
265
971
580
759
555
466
465
805
793
441
813
890
640
316
532
1008
978
627
704
752
945
376
331
341
241
977
16
925
923
670
54
625
910
350
830
577
712
236
495
744
228
29
446
631
280
836
212
801
571
329
486
970
314
666
93
196
682
569
1018
893
596
67
496
406
524
217
442
47
546
895
117
727
304
106
1010
378
110
649
79
147
543
85
916
600
362
80
461
151
443
229
108
719
392
335
303
772
189
118
210
697
899
721
21
787
985
798
181
308
668
194
172
795
474
595
779
783
574
384
336
425
268
287
302
616
987
539
436
279
829
1017
818
567
91
930
5
814
908
758
641
934
460
664
789
840
390
540
992
326
529
3
826
888
718
464
938
344
863
843
676
545
408
324
882
112
768
706
583
736
856
705
253
999
996
457
55
500
703
877
37
822
53
931
183
159
472
489
927
919
786
943
179
891
295
533
379
766
369
598
831
794
18
997
20
851
354
339
982
936
477
1001
320
820
586
456
364
660
39
731
990
197
481
924
788
62
648
846
652
445
780
597
871
267
347
605
611
11
258
618
327
462
262
723
289
508
784
941
554
782
315
144
847
65
852
687
942
1023
983
592
637
825
463
81
311
365
306
995
511
776
579
192
609
742
513
122
563
699
175
570
968
323
869
1022
410
771
471
633
26
696
548
119
77
975
694
685
219
674
792
551
734
71
963
573
291
680
207
398
184
859
309
439
290
761
730
387
480
58
932
391
677
188
73
796
902
928
33
333
247
