840
155
324
42
610
291
615
41
295
931
834
340
552
678
182
881
804
724
87
550
1008
135
984
824
110
693
197
645
48
120
760
916
220
921
966
654
753
902
874
737
325
786
495
465
278
32
101
887
706
381
399
806
656
929
712
114
900
972
76
644
317
432
565
560
453
170
535
1021
468
228
812
809
669
472
316
595
338
909
499
777
61
761
219
711
993
43
959
483
256
318
264
607
987
533
534
614
212
23
795
860
912
620
307
261
517
676
199
942
33
1015
69
897
24
463
858
825
502
171
807
576
336
17
802
64
520
9
920
136
268
821
943
434
456
914
848
47
267
911
476
852
582
415
647
970
310
548
119
935
374
793
787
193
151
282
922
625
93
568
713
640
884
132
327
1003
3
40
850
70
892
54
293
588
623
584
776
173
833
926
28
867
223
433
773
473
102
819
687
441
740
371
246
577
474
989
305
539
168
551
764
763
841
646
254
134
558
242
905
913
332
62
187
585
986
734
452
831
437
306
140
515
284
1001
36
690
697
152
700
416
18
569
602
221
191
738
759
826
393
427
904
978
319
424
368
460
83
276
88
794
370
60
1012
555
957
281
818
439
225
723
287
638
563
977
870
243
464
475
308
575
272
1017
672
512
165
94
507
4
751
982
91
596
636
968
855
816
408
946
875
918
395
390
274
89
299
301
910
613
618
649
494
200
789
492
949
962
217
74
386
1016
348
487
894
446
718
490
901
729
290
44
732
285
571
882
21
685
823
643
466
549
932
361
457
742
540
803
511
720
975
594
1004
376
249
190
951
389
832
143
181
543
14
451
63
1009
997
280
377
731
328
404
684
775
869
765
634
608
527
450
11
248
705
435
322
661
52
296
994
878
522
289
175
198
160
590
838
153
147
601
682
566
159
945
553
12
470
635
863
164
798
380
525
514
999
663
633
279
106
746
288
889
373
19
815
436
302
130
750
960
431
561
741
169
355
940
401
292
77
270
236
438
315
428
844
137
955
964
953
739
974
532
358
343
967
657
541
485
188
518
597
406
349
692
769
923
196
55
725
605
29
107
35
351
257
39
600
505
530
493
736
157
564
271
857
104
890
323
632
948
240
810
184
621
71
630
480
981
814
907
391
546
784
359
856
449
313
780
885
233
367
828
722
583
1006
194
189
174
749
357
148
300
973
365
509
992
542
232
400
811
622
691
366
186
360
86
898
31
1018
899
716
587
448
150
937
998
1
73
234
581
864
619
906
626
665
961
952
813
30
865
612
639
574
419
92
126
59
241
388
727
185
562
96
56
335
1013
592
51
877
484
996
205
766
309
445
166
673
679
768
426
146
458
980
162
956
195
253
85
341
461
604
20
659
385
735
179
329
177
896
25
100
849
346
861
27
817
78
629
235
16
482
947
933
407
771
403
209
695
1002
743
142
462
880
508
255
708
429
122
304
345
717
387
13
603
616
599
172
598
252
486
158
321
573
589
521
410
628
216
397
854
269
668
250
375
733
149
7
98
653
728
498
454
726
783
745
283
95
674
939
744
631
680
394
84
362
75
845
10
356
312
710
503
721
971
936
523
944
121
1010
924
990
131
516
382
883
156
49
851
683
715
827
886
398
245
320
903
118
138
342
469
5
888
422
297
839
45
144
286
544
496
115
873
222
754
519
689
213
79
1014
430
333
26
124
344
822
467
660
593
1020
842
477
756
528
694
983
339
758
133
979
262
591
1007
667
529
536
66
444
757
770
109
648
82
215
141
326
58
915
311
180
260
15
478
207
908
420
752
686
167
481
836
510
976
557
417
799
988
337
488
53
641
950
779
866
606
229
479
206
572
127
108
556
928
1005
617
545
392
238
702
405
425
105
210
707
531
369
730
704
995
117
80
1000
963
383
294
862
447
506
985
1011
116
778
265
805
455
273
8
696
218
204
372
790
347
965
303
797
941
835
331
139
701
767
224
90
334
774
384
459
442
671
969
837
251
934
65
586
99
353
192
579
113
927
258
801
34
504
396
917
202
853
871
38
247
847
37
2
651
378
418
226
409
580
414
781
275
891
421
567
97
893
500
112
154
266
314
670
526
611
123
214
50
411
352
203
547
714
699
471
354
68
161
800
958
925
103
423
176
67
796
642
125
491
208
688
772
402
808
930
650
658
237
81
792
227
22
698
919
820
350
178
785
277
413
231
868
782
145
609
719
578
501
6
129
46
183
244
991
703
762
263
662
379
537
570
298
788
677
664
443
843
440
830
72
755
655
128
709
538
330
954
879
363
524
201
791
489
1019
1022
57
675
513
497
747
624
829
666
652
748
876
259
412
239
111
895
637
364
559
872
846
554
859
1023
163
211
627
938
681
230
