728
247
1005
788
1002
996
521
474
640
207
966
18
132
465
601
187
372
44
199
535
237
155
512
353
584
795
913
413
820
554
462
355
677
164
724
761
1023
771
459
748
59
43
328
71
274
406
260
380
727
1000
837
553
151
582
836
92
926
250
113
509
488
651
449
339
378
943
1015
867
319
782
195
7
16
690
358
634
244
49
751
875
117
267
400
445
3
33
758
293
962
122
593
587
39
173
10
884
636
455
12
723
614
227
269
745
36
716
731
494
312
715
907
369
631
310
639
814
243
894
705
326
191
78
520
625
910
458
320
2
603
696
108
107
148
646
248
718
713
853
414
450
526
156
632
211
416
392
682
703
868
685
86
314
130
422
562
763
796
331
648
923
955
172
539
109
80
849
213
860
840
670
252
185
391
292
444
992
94
193
77
418
101
443
613
323
689
84
302
374
866
61
258
916
236
359
506
388
870
805
886
830
1011
560
1007
891
14
162
633
989
722
841
736
393
838
548
154
643
26
798
698
146
970
50
686
744
945
755
809
410
859
119
287
197
885
335
430
463
892
957
104
938
210
304
517
932
596
118
5
110
851
289
327
408
259
1009
540
819
552
740
1014
9
477
676
654
946
368
931
452
479
742
930
939
208
272
307
57
1004
142
99
940
209
720
231
202
525
337
190
262
857
752
708
346
261
349
439
266
775
371
25
546
789
575
791
218
649
530
513
230
306
440
839
537
714
181
790
655
581
964
245
817
961
471
684
827
617
182
1006
769
978
350
971
589
499
976
852
759
478
456
423
294
557
254
541
216
558
883
322
903
846
629
547
933
794
255
8
365
364
351
874
519
447
19
356
412
495
291
862
1001
498
583
882
523
48
726
316
52
360
681
772
576
204
865
787
518
66
515
376
911
807
586
623
730
241
618
379
984
239
611
781
427
937
128
620
318
194
137
140
960
67
149
951
433
275
133
980
362
974
472
473
953
566
569
901
4
999
663
432
988
887
721
818
800
90
93
273
717
461
626
352
398
746
145
112
249
599
1018
878
1003
357
96
451
559
280
436
157
238
579
876
624
42
906
972
944
131
421
760
644
896
527
1019
23
31
467
826
915
492
1
489
529
749
38
277
270
638
549
435
797
828
411
1020
678
311
233
935
40
605
750
969
928
516
386
975
821
912
165
468
370
858
271
223
856
332
17
486
295
114
695
1017
97
324
345
635
401
47
143
786
604
11
1010
741
765
29
441
757
226
811
442
873
739
317
235
491
177
409
941
628
196
63
212
770
699
754
475
366
997
773
694
343
457
490
697
524
263
753
687
390
987
927
594
103
55
305
383
660
297
719
470
315
995
914
284
948
733
502
555
124
679
804
959
363
843
51
21
497
299
256
6
671
774
965
897
845
496
615
253
153
232
834
832
215
908
482
899
991
60
53
278
144
905
895
240
514
977
608
921
779
127
87
290
522
890
574
123
674
802
321
279
385
448
612
637
672
993
764
54
89
864
382
998
220
169
543
806
206
688
228
979
934
404
578
340
288
281
234
785
81
83
1008
308
669
282
219
563
647
168
658
313
480
511
183
121
45
619
600
34
536
46
565
544
85
198
602
534
88
610
662
568
56
973
994
564
334
303
665
793
184
192
476
222
466
982
950
160
842
309
693
341
205
567
725
460
577
32
179
808
505
831
702
395
134
402
778
542
483
641
203
1021
431
74
298
70
799
446
591
956
73
668
37
803
664
159
507
768
501
729
792
161
844
1024
666
28
105
301
469
924
415
747
91
72
225
710
425
659
532
900
344
152
766
283
419
186
622
76
503
276
15
572
675
424
590
835
616
958
361
41
813
116
888
861
598
265
889
175
691
909
136
673
338
869
1022
561
69
783
27
550
20
166
336
135
1012
493
801
545
743
816
354
217
824
111
106
780
377
100
251
823
653
125
176
990
397
188
102
656
784
985
732
246
167
510
737
180
330
147
855
342
627
126
170
854
129
285
508
325
95
420
981
652
531
141
621
893
825
35
929
268
947
829
879
942
650
585
606
500
683
174
815
707
556
777
580
24
426
952
642
242
389
551
13
163
936
776
394
692
700
399
329
571
735
533
224
484
115
711
709
528
98
201
920
22
925
880
64
588
138
481
214
405
403
1025
661
667
592
158
1016
847
871
58
762
373
877
150
381
738
954
200
429
712
286
822
75
863
917
454
904
257
902
630
538
872
407
464
949
881
428
919
597
79
609
384
1013
701
189
986
487
333
657
967
704
573
833
812
434
983
68
30
680
417
348
62
221
918
922
82
504
734
65
387
898
375
229
438
300
963
706
756
296
437
396
850
264
347
645
848
120
367
767
810
570
139
453
171
968
485
595
607
178
