2211
825
808
385
2020
100
761
2198
1805
1740
2558
165
687
2866
2264
2799
275
1694
2375
2133
2049
2925
686
2155
1393
1349
1554
458
966
2186
619
537
340
175
400
1259
6
2658
2215
3070
2077
21
1488
2628
1719
2726
1741
2725
570
2313
662
554
2706
1085
2691
2252
1598
3037
2678
1217
1512
833
447
282
133
2881
509
2633
2577
1332
1491
544
2871
1894
2910
475
1125
1516
1770
1942
2674
1285
497
877
256
2611
846
1144
2817
1472
607
1944
1684
229
2861
1591
1691
309
624
167
1504
3058
526
878
2314
2192
780
2900
2305
1292
2159
1984
434
231
2979
893
2477
790
194
1874
2962
226
671
24
1806
2475
2940
2547
1432
1041
829
1517
301
653
2731
813
1680
2467
43
2261
1210
1391
198
2755
2430
693
2826
2188
1607
305
685
625
683
1932
2290
1878
3063
1290
1546
2858
733
105
2630
2231
2546
2222
1794
1402
1525
884
2001
80
642
247
1647
1576
1731
2197
2635
1244
392
1378
2744
2854
725
1695
1905
1107
643
2331
2132
769
843
2457
2003
1363
2036
2301
533
2953
952
1536
2078
3032
1953
118
94
2476
2551
1389
2989
1424
2075
2582
2795
2055
2636
67
1699
2248
119
1860
1162
845
1711
1403
2798
2829
738
1899
892
2120
147
2655
381
510
2621
1161
1400
2279
689
224
353
2595
2703
507
501
737
414
2652
756
1560
12
2400
2040
2819
592
375
2998
614
2154
2985
1490
3006
232
451
302
148
201
1781
2277
2852
2150
2919
2505
2191
1786
798
1505
46
372
908
1137
468
333
2398
487
822
1295
2410
621
568
870
2586
499
397
1336
2785
2384
1623
1257
1957
2821
927
1325
1749
955
1896
2209
1189
2550
1283
2089
2403
246
914
1568
243
1889
2124
1106
480
394
1221
33
1305
2480
2486
992
2624
357
73
1835
1201
469
1131
1274
1513
1501
347
1562
141
2923
1753
2343
2654
2487
1242
749
1229
44
1702
48
1755
2241
436
1559
1595
1955
2844
1247
2346
1179
1255
743
416
2822
2604
2433
1527
2464
2015
2493
1714
700
493
907
2676
1992
1830
634
1854
2975
1946
2429
1324
945
1725
2016
236
75
1759
1760
548
869
2815
348
1157
90
2374
216
519
978
855
65
2000
1563
2697
2354
557
1703
1645
720
1268
1893
1439
574
2843
2617
2591
382
1239
2868
1579
747
2417
1935
88
467
2247
1337
735
286
1079
1929
102
31
1718
169
2326
3010
1418
1256
2500
1021
2094
1823
984
291
1991
2773
1357
476
719
656
424
904
1452
1005
214
454
2210
2171
2056
1301
1063
1055
575
2682
705
217
1392
1040
1982
2616
195
2245
2916
2037
2101
177
1891
1471
1046
713
135
2421
2668
35
1115
868
1289
1961
2733
2754
1975
577
2707
2976
1643
1757
2841
1808
2669
631
2356
1667
363
1387
2520
2367
2402
176
1165
1178
635
3028
853
2522
1035
1580
1706
2597
437
730
2465
1002
1333
2892
2525
2561
1503
1887
2004
2794
171
1308
1678
2051
2165
1243
1317
906
2732
2638
466
1586
936
1945
2127
462
536
2713
1108
2243
204
2906
1465
82
2538
1277
2262
446
2024
1263
2956
998
2672
2128
1066
1564
2296
1458
34
947
2488
2242
346
2425
2282
1569
1713
2504
112
748
126
1089
2941
801
2878
3014
1119
667
379
1151
2803
151
1962
1206
561
1914
2922
1124
2226
1908
249
79
751
259
85
257
32
471
691
276
2879
938
3050
2644
1705
448
1811
280
1360
1281
106
1856
678
2506
1454
322
1876
896
136
2771
2574
1597
2044
2348
1966
496
70
543
285
2680
1057
2397
1844
390
2118
2835
2076
1354
441
1170
792
1800
1102
704
2187
3016
1821
1351
1636
2450
1660
1127
2642
701
120
1431
657
2251
81
2274
628
872
125
1541
121
1264
2789
27
590
2287
1183
341
603
1007
680
1311
13
1469
638
2315
2481
2139
1211
1207
2977
2492
464
1426
28
1549
185
1722
2446
503
2006
2530
1885
560
1163
1737
1644
1128
1841
1237
505
2949
317
580
2288
181
1693
2865
2254
799
1603
1926
910
598
766
203
2236
2
2280
1307
2496
724
1640
197
999
321
1877
729
1506
1288
1050
664
838
1912
542
2992
3004
1463
2412
2455
1965
1338
258
2428
1061
2592
77
1895
1657
158
1117
1379
52
2927
2559
339
1187
1090
789
760
1199
1846
2161
707
739
398
1589
2414
2634
559
402
1767
1824
1104
1847
1931
2775
2302
3071
1172
2342
241
1149
777
128
2007
1214
1417
273
1330
1748
2887
812
594
2489
1373
209
1907
513
1507
1313
265
1033
1138
2553
116
1380
1687
1155
1176
1493
2877
1949
3002
2203
3012
1780
2013
2867
1819
108
1530
26
2237
2665
3036
1796
1578
1700
393
2974
1200
190
839
2135
1572
2869
1587
1466
1443
110
663
1294
1514
2736
562
1076
3062
1235
202
1154
2046
101
2793
2413
1052
2722
2213
1651
970
2181
1738
164
807
1430
1498
239
1532
963
1930
2935
2747
1120
937
149
66
1198
1653
1903
2503
578
1555
2567
2781
2694
59
1103
1246
1888
19
2162
895
1938
816
874
1754
940
932
1070
238
1047
1690
2047
1616
1334
483
2774
2217
3
2564
2054
1312
873
369
2025
2653
1276
2097
977
111
520
1462
1902
1340
1629
2909
439
1701
344
623
2804
254
2928
1947
824
403
1374
661
2537
351
58
287
1082
2126
2714
2295
1933
1715
731
2943
585
1502
3059
696
1331
2539
2751
461
515
1015
145
2780
64
74
328
3046
1080
1485
1709
556
1544
278
550
2179
1065
1649
2758
1083
2573
407
854
2323
2648
2068
2286
2972
1099
1053
595
1226
1627
1253
1464
334
2336
1342
840
1542
2227
2466
2581
1567
2332
1296
1343
2673
264
677
1612
1779
391
2886
2809
1371
1031
1188
3031
244
1720
1675
2350
361
1920
690
1998
1880
37
2797
983
928
2613
443
1698
714
1241
2309
1593
1656
776
1853
1901
2987
2784
2299
297
1321
1745
1139
227
1245
2351
1309
1
2578
2614
2308
1261
2365
1271
802
1712
2531
601
329
2423
1098
2681
2599
871
5
1723
985
2431
1918
115
835
222
2980
1804
1014
2263
1477
54
2363
189
2545
2583
2884
699
851
2204
1797
1323
1169
982
1734
3011
1476
319
1160
732
2571
2079
2860
156
1884
376
2406
2300
1978
605
2724
2954
2111
2401
342
2735
2272
1421
3041
2947
1121
2327
431
2405
2298
2549
1260
1551
2981
429
2738
1266
1141
1353
1752
2381
1054
368
2912
2532
332
1158
2548
1969
2723
535
2637
2907
960
2108
253
2073
1048
1049
1697
463
336
1708
857
887
2345
61
72
1817
211
1180
2812
123
1092
1861
2768
2088
303
2969
2218
1696
2107
1010
103
2189
3021
1526
2268
266
2470
1630
1396
2659
2529
2572
2913
442
1795
1829
817
3020
2512
608
324
492
1078
2926
1388
1209
2622
2071
2250
553
612
1952
421
192
1297
860
1113
83
1870
1495
2156
2618
3008
1934
1677
2565
1648
460
2970
1077
481
613
2190
2158
2437
2276
523
2824
2199
200
2684
1614
2527
2052
2284
2317
506
734
2746
2568
1910
352
1790
1940
1416
29
2840
2255
2427
1822
1272
2362
579
1585
2663
17
2612
473
1045
582
440
3001
1658
2710
2379
976
2334
3064
2008
251
830
2607
572
1732
3065
617
1254
1922
1613
456
2711
2371
1470
741
1867
1023
645
3000
1792
1397
2898
2783
11
552
1298
3038
1688
55
444
1959
3051
675
14
2134
1670
2337
659
428
762
2361
2657
1721
2924
2645
651
1159
919
2745
2729
2147
1451
1483
688
191
1735
2756
2689
1489
89
2742
96
2490
2045
2378
1018
2896
410
1832
399
1116
778
1646
2271
1980
900
1398
1521
1265
2320
420
806
844
2177
1300
2485
2901
521
2114
1650
2973
1602
865
1029
1833
674
2278
412
2623
2220
1347
152
2462
2010
488
942
225
1850
781
1919
708
2087
2212
1664
1376
1365
911
2436
2050
500
1422
423
2615
2836
68
971
53
849
1152
1087
2148
1619
1319
1537
2647
1913
2063
2311
1925
1267
3043
114
1615
2608
1381
1641
2219
555
2715
2600
2468
530
248
1803
1511
2606
514
858
1236
1730
281
1196
2479
2034
2752
508
913
2080
2753
2588
1444
901
2930
2168
362
2543
1956
2174
1540
433
409
323
1886
2863
1056
1020
1440
2650
2330
818
435
2933
2728
3044
1224
1362
921
2028
199
234
633
452
1611
2200
728
1252
2759
2994
2297
1086
2341
1223
1484
1039
2917
1791
2695
22
763
527
2202
2765
3045
122
1303
2173
1727
512
2741
2984
541
2890
692
1101
622
366
2082
1535
944
1414
2721
2038
618
314
1916
1088
665
1810
1415
2889
2764
2510
2324
2712
2515
558
237
2911
2544
1499
2830
916
1306
345
2936
2891
1855
1927
1404
933
726
187
1892
2002
905
2123
1205
1574
1679
1193
1839
2664
1989
1449
2153
2122
1522
1132
1529
1409
588
113
2872
2990
924
23
1857
2201
1273
1825
2951
2603
42
1852
2825
987
1868
315
2649
754
2688
1109
2389
1625
502
767
1279
1459
1377
36
1011
1683
1081
1639
2670
2856
2692
967
3066
753
360
124
826
2012
1372
793
84
1093
1743
419
95
374
1632
797
973
289
546
2275
758
2958
2718
3054
2683
1728
269
641
706
2121
3018
107
1122
144
93
129
880
2041
1042
2258
2897
573
2693
3055
2409
2921
1904
1601
596
1898
2019
727
1531
2903
1455
2391
885
658
438
764
233
1110
915
1988
718
327
3003
1523
1951
1474
490
2526
465
969
1411
589
828
867
2918
697
1395
1565
413
1985
2542
1460
495
551
296
1775
2818
831
532
834
1588
1751
2383
252
1997
2066
1299
1213
1408
2563
2223
1194
1146
1473
2996
925
2828
1552
1676
219
250
1882
2090
1181
903
1350
1726
2091
2502
3034
2364
388
2857
852
1025
1123
1420
2152
1974
1769
2103
298
2310
132
2022
38
2461
1763
1746
207
1037
1225
1843
566
486
2870
260
2743
2507
3052
648
883
1275
2184
268
2081
2717
1866
1784
2787
2474
1617
1366
404
1838
1140
479
1761
478
991
569
1668
2541
779
599
2306
1369
1215
1032
2961
2661
2369
794
2643
2415
186
1291
2411
2338
2372
2807
646
1447
2043
2847
3025
1394
425
1771
722
1071
418
378
1318
482
1461
2459
2894
981
1666
593
1631
2376
2667
472
1967
1448
2394
2631
636
1278
457
2811
2834
3056
2072
1624
2511
2207
863
1659
2609
417
1437
2982
162
2536
2224
2948
2587
842
1815
2388
995
1807
331
20
2035
1133
1375
1599
698
306
1509
1973
1758
783
615
630
2100
2705
1799
2057
1016
2939
1993
1633
782
3017
2965
504
2392
2042
1034
406
2368
1145
138
866
1816
684
644
1302
1095
408
1480
2395
3039
355
2340
57
140
1917
2959
3027
2831
2175
2796
1044
2845
2322
2625
1445
2698
56
1845
1280
2905
2915
1171
2099
2266
768
2131
343
2555
2888
682
2855
2594
1528
1923
206
1600
2883
1358
350
626
228
2528
1924
127
2562
1156
2370
104
2221
2662
2023
2205
3009
534
1533
16
3033
2460
1561
712
525
1788
1287
2472
401
2874
2106
2904
2720
2339
2246
1590
1977
975
986
2064
430
650
1327
996
235
1427
956
2875
939
989
2596
2499
587
997
91
1812
1950
316
1069
1068
930
1148
2806
1689
3048
1570
1890
188
1518
2839
774
2418
157
498
736
1963
1383
672
2353
184
193
848
2880
920
814
2216
1777
1789
69
2853
1936
411
2805
886
1192
277
2760
2802
1286
2160
602
1584
1177
1233
2833
3022
1744
841
1548
563
1915
702
2556
2420
155
800
2451
2164
2321
957
742
1051
823
954
2993
263
2140
1482
1150
2303
2862
1736
2304
1496
1425
949
2955
178
2235
1520
1135
1672
2194
1429
1203
1704
2178
1707
1222
3049
2084
2444
2419
1341
1339
3061
405
1851
1875
2978
1231
218
993
827
2456
1361
2967
1566
1030
2416
1227
270
1219
1304
695
576
1006
2240
1310
2816
131
1869
2017
1058
709
1765
2357
2469
2995
288
1467
2239
212
2039
455
1964
8
2058
894
994
310
1436
1064
1100
2208
775
2273
2629
2005
1834
1335
980
1022
359
2267
1167
354
3060
1756
785
242
2602
1654
2749
2382
453
2944
1655
1553
7
2782
1971
616
888
2849
1173
1581
1604
2893
210
3005
1345
1492
2021
338
2494
99
1774
2770
2112
2523
1828
879
2404
744
1717
40
2234
1384
3024
1012
2138
1558
864
2850
1164
2848
1836
1074
1453
917
610
2509
1583
2062
130
2233
2997
2195
415
1995
245
1112
649
2685
1481
1249
3030
2438
1994
2193
1269
2270
1450
395
2838
1406
182
2347
71
1519
2269
923
384
1778
1638
1182
1355
2453
2495
2176
484
1900
2265
1270
45
810
1724
2260
2312
1809
2018
2344
2249
2763
715
2253
2172
1240
538
386
965
1682
950
2968
307
2963
2074
815
2671
2846
2497
2424
2445
2329
2119
2517
41
2169
2779
524
679
2790
2620
2328
2899
1979
1009
2294
803
2109
2792
1419
2929
2766
2687
9
681
1486
1364
2701
183
1208
517
1826
10
2454
2059
2170
1284
1390
230
2434
2800
2593
3015
757
50
861
1842
1906
262
174
1883
1787
1457
2769
1642
1628
922
2014
716
2032
531
2116
2534
1218
2767
2069
2585
2739
2027
373
271
1097
389
283
1468
1911
1661
1652
1433
1820
1238
518
1673
1475
654
2808
1234
2557
293
1028
274
899
1996
2937
2463
2110
3019
2256
2029
2449
63
2991
1928
2957
2093
1524
2366
2484
491
632
2535
918
1435
889
639
2690
2067
2096
87
304
1174
2508
1059
1348
2748
2960
2734
377
2590
2788
1782
2885
1813
1968
805
1635
1185
1827
335
2931
2115
2946
2810
1785
750
2033
2185
1802
2737
76
539
422
2117
196
647
1515
2442
221
371
1423
2163
2566
2180
494
153
2776
2750
1663
1801
856
836
859
897
97
205
604
2318
1571
2142
1428
1038
2761
1674
1681
1605
1143
2125
2257
160
2325
1147
1608
445
1618
979
1783
1620
2289
2228
2070
1166
2882
2696
740
2452
898
1873
935
172
1858
2908
1621
2232
161
1186
788
2498
300
1862
2932
272
2570
784
2709
786
2359
1762
2113
470
2031
295
1136
2518
1776
1356
2448
2238
1550
1539
2145
223
1479
2895
2458
215
3013
837
547
2575
1359
666
2560
2988
1669
1766
3069
2501
1814
765
1197
571
772
3067
2422
1772
1972
1881
2443
2666
1367
597
2832
2569
1251
721
2813
1168
1793
951
1837
2632
1118
2740
3068
1129
2646
640
2385
1084
882
370
2914
2259
1456
330
1216
609
2524
2679
2934
819
284
787
584
676
1747
2396
337
1075
1943
516
2842
804
1072
3023
1610
2399
1370
180
30
2601
2432
1126
2777
2920
660
2387
1036
1250
2380
1027
1739
1582
606
773
759
796
1282
308
1497
2182
1960
1990
1413
1818
941
1500
2950
1710
2086
2206
1438
964
2390
2291
1742
990
1399
1879
1434
1441
51
583
143
427
326
313
1937
1686
1848
2085
2552
2660
1510
2791
3035
771
1939
1863
1534
2639
2627
2196
220
1130
2851
290
1999
2719
396
1202
2377
477
565
2686
1545
752
1320
627
540
1976
1019
62
60
2801
1096
426
2009
1622
1410
948
3042
1840
2605
2352
1594
770
2580
1909
1547
3029
961
1478
1329
2244
1184
890
2708
18
2183
876
349
299
670
1958
2441
2584
723
703
1067
2516
832
1134
1986
2971
2283
1000
450
139
1662
358
668
474
3040
611
3007
2335
1970
2447
600
2837
2626
1220
166
2478
2986
2482
3053
1013
2408
2143
745
881
1191
1017
620
2945
1634
279
2876
988
2902
367
1073
1003
943
529
1153
2146
962
1262
2727
213
1871
109
2730
1212
637
1230
934
459
2136
545
591
673
2104
1446
159
795
1764
1442
2999
2514
2358
2349
1232
2105
2214
2762
2938
1831
2230
1026
1091
1557
968
1204
15
1692
2393
163
1228
267
850
325
142
1190
2619
946
811
972
1508
2772
1315
1987
959
3047
92
1543
809
2952
1897
1293
449
2589
710
2151
1729
2157
2598
821
3057
586
2092
926
2281
2533
2964
1043
2483
1538
1001
2704
2355
1941
173
791
1768
669
2640
1004
2675
1060
1316
717
2859
2166
134
2440
629
2827
25
1859
1750
2702
2167
1592
862
1983
1407
311
179
49
2130
1382
1024
170
2786
1609
387
1412
1094
318
755
953
320
1671
1386
432
2285
168
2677
1405
522
2307
98
2554
1733
567
891
2141
746
2778
2716
1346
652
2641
86
1008
974
383
2823
1105
1596
2426
255
2293
1248
1114
1322
2540
2011
820
2966
1556
581
1401
2083
2435
1685
2360
564
958
2700
1626
208
2407
1328
1637
78
294
2942
261
2225
2053
1487
1921
2699
2229
2292
909
1195
847
1385
2473
931
365
655
39
292
2656
1872
2579
2491
2137
312
137
875
2095
511
2386
2098
1864
2061
902
485
4
2030
1326
150
2983
240
2519
489
1849
2060
2471
1573
2149
2864
1798
929
2513
1665
1352
154
1606
3026
117
2319
2610
2129
1773
1062
356
711
1954
2333
2048
2814
1981
1494
1314
2757
380
1948
2873
364
1258
1865
2521
2820
1577
1575
2316
912
47
1111
2102
1142
528
549
1175
2576
1716
694
1368
2439
2026
2144
146
2065
1344
2373
2651
