2710
3015
1334
1161
364
1987
1012
2722
129
1061
1464
8
551
2489
1078
498
2324
406
634
1940
291
1453
2989
1429
1848
929
1323
79
2401
1187
2973
532
911
1722
2020
730
1263
1883
1034
785
696
2860
1649
2145
1652
1312
53
2215
1959
1847
2619
614
771
701
707
898
1738
226
109
2642
2843
181
2864
2133
1044
2954
2362
222
1296
2875
1770
1142
2379
2625
1547
2522
455
355
2397
2220
1507
2985
1451
1183
1106
1545
1163
1523
2261
1721
792
262
207
837
2816
1685
21
1737
2024
2909
2374
2796
831
1021
910
1165
2429
1419
2481
1231
1657
865
461
3050
2687
606
2340
1469
398
1778
3054
890
1135
2888
790
1241
1744
1130
2743
2555
1907
942
2048
1
1188
807
766
2044
2191
465
943
794
2629
354
2196
195
1376
2236
2574
594
1308
2650
2459
649
848
2112
2313
1297
2426
3031
1719
1171
2503
2895
1306
1726
1899
536
1100
1215
281
2582
2991
1706
333
979
646
518
67
1605
39
2319
1259
1920
2239
230
1895
1310
350
1756
266
492
2093
2670
2156
1169
3051
521
2046
2971
2923
384
1331
2284
2432
2573
3061
916
2586
1692
1207
1704
1485
172
2453
652
2498
2454
722
2004
738
805
879
177
2341
2879
2902
1625
1931
339
17
1265
379
1218
2096
234
452
2538
485
2088
1056
2606
571
2856
1498
1505
824
440
1614
1358
279
534
2658
1981
1680
1587
2853
789
409
1257
636
1735
988
1329
1733
155
645
1693
1366
2457
243
2082
2179
2281
610
1092
1350
1775
1860
2802
2615
2678
2818
2622
3002
2975
493
189
1554
463
2610
1032
2931
1493
133
1238
77
1137
711
2528
1753
1958
1633
1864
1452
2087
2199
1454
2878
802
1540
359
806
2172
2857
2706
1510
183
2152
1097
1221
1354
1442
2110
1926
158
1050
877
72
556
2255
2967
1640
2572
1397
1691
2659
1250
317
896
953
3049
192
2378
3010
118
480
1086
1385
884
1622
1710
750
1772
716
2155
689
2295
1381
2217
2135
486
2644
978
1337
1295
3017
687
1960
2271
110
2097
474
1240
447
2042
1999
2598
436
525
2944
2609
2290
2526
1921
1315
763
2755
1407
2824
159
2322
2485
1996
1786
400
1225
478
1790
823
720
631
797
822
2270
2969
1182
12
2102
2961
154
2238
3067
2941
3006
1484
1007
624
1074
1018
200
1103
919
2792
2621
1838
2983
3020
729
1028
1894
1502
883
1551
3023
2176
2820
1679
1964
2296
1568
2188
2531
2835
928
407
2304
2057
1335
639
481
1989
1994
2269
2303
162
2460
3007
2200
756
1500
1961
1619
924
2514
1977
829
1644
917
511
918
1514
940
793
2124
2425
35
2478
1102
482
1825
1876
26
1260
895
2904
1091
3039
1368
349
2161
625
2068
1686
1687
2679
114
1702
573
2409
2224
513
2247
611
1607
761
2447
557
1035
683
2834
695
2925
124
1730
2893
1983
449
479
2701
2508
1444
2148
173
2788
1813
128
2876
2608
1446
607
1918
2086
3052
1844
2488
1835
1539
1904
86
2130
2120
1914
811
1556
1849
946
1603
1309
1712
2050
1509
2844
1717
600
252
1226
1585
2391
2686
1942
2548
2065
1922
1621
2223
1812
2575
2144
2661
2338
995
3045
2957
2649
564
1930
167
2611
2301
1601
2412
1341
817
867
1522
3004
205
126
306
2840
2729
2684
161
497
1543
3027
1729
2403
1289
1923
2464
1373
961
2655
2717
507
2216
444
271
122
2180
2992
2666
1739
470
2848
2235
2259
1327
3040
1288
1984
201
2940
1536
2063
2595
29
905
744
605
1886
1629
2533
915
773
2174
2584
2623
2111
336
1648
2000
1902
360
1403
2657
157
1924
526
2167
849
2104
426
2887
1878
1251
89
1210
1534
2326
149
1520
2970
2780
2863
1293
1990
1749
1011
958
1301
1624
2752
828
2560
2496
1439
2920
2504
951
419
514
2302
2225
83
1022
2014
784
2702
1272
1460
1075
2728
1157
2532
656
2450
3000
2019
1149
2736
2713
2001
15
1966
2803
791
1555
2549
653
1663
441
2327
1821
866
671
2060
674
2208
2366
994
1199
2810
1286
2013
2571
1906
2119
1123
2211
1399
1292
582
2766
3021
469
3009
1062
668
2769
538
179
472
2297
1490
599
2664
2937
1890
417
2267
2891
1003
2520
139
2767
1676
1915
2484
1950
2534
682
73
229
1379
2605
819
1794
2171
1178
203
1114
1195
1823
233
617
87
342
31
870
2680
403
2578
2692
1333
1506
1036
248
836
2959
1144
621
2318
358
779
2128
227
1314
3072
2482
1153
10
2448
2916
453
2277
2833
2370
1815
1650
1220
1248
150
2696
2756
1689
1833
2934
2543
643
1384
2272
1995
2718
3013
2912
2079
1972
1070
2746
1311
3012
891
410
885
375
1858
425
3
420
878
3062
1492
66
2230
2126
1630
1541
454
2316
2476
1217
644
1891
2430
2480
499
2386
232
1829
880
2913
1854
2559
1040
955
2674
2258
34
1841
2830
781
2883
1342
1602
60
1528
903
2952
1897
1597
298
130
1096
2446
904
1192
105
1162
500
973
2276
1638
1912
2293
1623
140
1665
2209
1827
1668
1709
269
144
2233
1561
715
2335
1669
2709
710
530
2677
2146
2707
1107
23
2354
1343
1820
1177
2849
1842
2607
902
1319
555
1600
2334
2505
2897
117
2781
2561
2149
1467
415
3042
259
986
2799
2492
196
202
842
638
2951
2228
1671
1909
2681
2260
199
2627
989
2353
290
431
401
840
2083
586
1330
2383
2793
1281
1985
300
2639
843
1524
237
2873
567
736
2040
437
528
2966
1101
1245
2222
1472
2343
3024
2694
1264
1042
726
338
2908
1818
1349
2197
372
274
1567
595
655
2527
467
1243
721
858
357
48
2036
1592
2075
2213
1173
503
9
1792
2593
37
723
2986
2279
2181
190
435
