877
959
716
956
211
264
127
362
199
510
597
161
244
383
185
180
948
340
207
835
732
372
905
745
49
962
712
581
193
75
879
53
637
23
678
268
612
73
67
830
148
133
378
494
412
667
965
977
530
283
926
403
774
747
742
8
777
942
568
202
899
987
925
775
748
622
192
217
672
289
616
380
849
491
195
912
469
561
563
167
288
544
685
513
155
941
440
869
843
647
61
952
45
394
606
146
89
248
702
465
159
112
882
421
171
658
974
1015
154
764
996
42
261
435
929
50
619
873
607
500
77
160
613
297
673
87
801
328
322
326
353
721
415
639
243
715
881
488
209
452
915
284
506
779
684
423
576
93
334
750
539
823
205
310
666
804
253
826
2
468
546
761
880
993
733
111
537
234
454
621
608
985
802
352
794
480
736
188
104
265
525
301
85
549
182
173
214
708
836
466
664
845
897
963
470
981
1017
1022
885
263
575
746
194
436
445
634
717
409
757
705
140
381
832
588
471
654
895
538
391
27
648
670
141
414
79
60
526
611
605
359
232
923
358
304
741
270
254
910
989
824
816
108
175
72
298
819
114
120
690
184
937
571
320
158
805
16
485
945
834
788
644
84
131
640
505
998
291
135
410
520
982
810
995
299
44
917
57
891
130
955
176
346
460
374
197
71
277
856
41
492
1003
274
509
853
799
534
444
235
900
424
335
782
990
557
128
285
573
718
137
602
502
64
48
177
113
868
303
762
671
329
83
725
144
230
474
676
96
827
837
420
174
58
536
614
734
69
1013
730
636
514
858
720
476
698
898
582
547
641
786
231
808
934
980
210
911
129
594
17
686
927
939
940
226
902
661
426
560
590
250
287
152
281
487
47
101
714
99
227
973
681
54
857
954
74
208
1006
867
756
528
170
379
1001
583
459
628
183
722
456
220
523
191
687
463
601
766
52
966
550
645
859
600
107
106
903
604
872
744
332
339
496
349
615
752
145
933
574
200
419
947
28
696
809
447
919
803
51
689
970
181
255
817
369
46
196
81
906
35
307
18
692
63
727
55
591
913
37
396
164
646
986
229
337
26
68
321
570
754
1007
76
806
333
555
883
240
791
336
269
699
624
907
585
564
559
739
770
430
763
103
341
165
784
399
839
386
1000
143
147
625
918
122
795
828
371
331
755
707
427
434
958
831
652
33
388
206
796
567
293
327
290
787
558
818
373
40
893
677
743
866
292
931
126
565
150
473
776
904
864
342
1011
271
847
860
267
245
515
393
659
592
675
364
593
566
39
437
693
190
663
464
417
366
930
572
70
119
121
425
706
888
894
241
311
992
813
450
157
259
1018
398
9
323
771
854
343
98
921
501
638
870
812
228
413
19
861
793
282
4
407
350
719
938
219
472
657
1021
153
649
815
768
532
878
595
635
453
855
186
840
324
841
1014
258
598
377
382
109
308
577
642
32
765
852
105
31
552
431
876
237
988
811
14
964
1023
524
909
402
562
798
11
984
272
10
535
653
34
443
875
66
688
376
13
643
792
655
142
479
428
95
1012
278
884
295
540
773
916
683
1008
15
132
769
936
367
783
43
968
418
213
354
691
86
785
665
118
223
701
242
1020
151
212
629
313
700
1016
370
306
345
953
441
760
348
166
136
850
317
224
822
957
935
631
172
586
457
5
848
239
338
300
838
156
198
499
949
833
59
38
975
495
286
1
7
632
617
490
221
138
325
25
65
914
82
790
679
731
351
88
384
458
422
976
392
871
316
865
429
92
400
846
408
305
890
262
416
139
950
489
455
862
669
694
519
163
483
630
116
999
178
767
330
251
21
102
215
662
56
713
969
218
651
758
497
390
922
363
1019
579
478
318
551
1010
800
924
449
789
115
438
517
433
511
356
751
820
30
189
516
668
357
997
569
711
553
778
117
504
542
309
633
110
123
312
920
493
704
411
556
545
780
603
168
599
961
273
829
252
355
908
36
623
238
1002
247
889
851
887
932
580
90
772
169
62
1004
759
80
650
451
522
723
656
405
507
627
236
946
302
512
432
541
518
319
361
983
703
477
498
216
365
203
484
3
979
991
134
275
448
201
78
179
896
204
695
735
314
406
928
729
401
368
886
680
797
24
874
225
1024
1009
20
296
660
1005
972
737
951
347
467
626
94
971
728
674
749
740
486
246
944
375
315
609
978
533
222
584
344
620
521
439
842
726
187
863
462
233
901
596
404
967
821
807
892
279
294
6
589
266
97
461
481
943
397
29
360
610
385
446
527
682
753
724
697
482
994
710
442
475
149
260
395
503
781
554
508
387
618
12
709
280
531
814
125
22
844
587
91
162
256
825
249
543
257
276
738
578
389
124
548
100
960
529
