884
1656
1759
950
1501
685
772
2314
2018
1842
1117
336
1480
1277
862
189
2313
2269
1889
2216
1895
2264
1856
1327
2507
1546
2944
744
2258
2916
2674
661
1082
498
96
964
1534
1721
603
2882
2832
1110
2717
1662
157
1094
674
2372
2250
1949
1766
2321
2086
583
1434
2277
1258
825
2278
2657
3053
2994
798
331
1466
1456
2413
959
1059
2700
2022
2950
1925
506
705
1756
2586
1929
1260
282
1963
1689
3033
2834
35
1529
1151
2014
1647
304
1790
802
2341
1244
2480
1504
2326
1146
892
174
1722
330
606
1888
1046
2573
2166
370
2970
1979
1587
929
1164
1350
326
1632
2733
209
1128
1024
804
1107
2965
890
1396
1020
593
2658
2481
179
2760
1035
1876
272
2933
2830
1096
1718
116
468
2945
2127
1372
1009
532
617
1197
2248
1503
11
527
2531
2125
2217
1141
1290
241
1879
161
1304
2182
2643
298
431
1898
614
2811
2173
534
1067
654
89
914
2758
2448
141
1274
54
508
1477
1658
2780
319
3028
81
2175
1870
1869
120
2536
2237
2403
2192
1323
1161
1126
579
2697
1275
2046
2790
2886
699
544
1122
2663
2455
1618
796
1116
567
2319
423
83
145
1138
1827
878
171
2637
1933
199
1845
2719
268
2947
919
1278
493
990
1255
3024
406
403
2137
2094
1636
1650
1395
1310
1682
2064
1144
233
414
1612
520
1296
2671
623
1749
1191
2477
1308
1184
747
1554
2798
1016
1448
2190
2281
261
514
857
2567
2421
1615
2283
1382
2708
2649
1648
2097
2055
1369
1564
1280
58
767
1297
2412
254
2532
2255
49
1388
84
2915
2367
2861
31
741
151
2179
2416
897
2356
1493
714
539
1644
1903
2498
1039
2331
1211
250
1133
2836
2116
1479
462
1937
2130
428
2779
1367
2694
2569
2922
1994
2528
969
1653
2288
2574
1832
727
1919
2695
1557
2418
1780
2745
1573
807
340
1127
33
1817
647
2347
2069
627
2122
2485
2010
2799
1173
1746
48
637
1202
1256
2031
698
576
2765
1772
118
1629
1726
3046
1158
1552
1186
2074
2101
540
482
2751
1574
1977
379
1605
1428
1548
2301
335
1959
2369
1531
3013
723
1398
1079
1810
2355
2446
2706
2827
2848
435
2665
1289
2840
310
1954
2495
1250
135
2077
2993
751
245
1926
2998
2647
2862
1942
2599
1295
2606
522
835
2591
2624
2703
2763
1149
2385
2143
2669
467
2723
2849
1728
415
3014
2825
598
895
1329
232
1950
2935
1370
1131
1777
978
2753
1567
2879
1976
1282
2310
638
2839
2072
1247
3032
2900
739
658
771
760
2142
2996
943
2024
1037
111
389
1884
1607
2566
325
2329
1490
1424
3015
2058
615
1828
2975
1971
285
1069
2678
38
1251
883
2691
2729
1325
2997
1339
1744
2174
422
2213
2925
91
1328
2847
1864
14
2275
1190
1912
1684
1436
394
114
923
822
1265
138
2738
2833
1885
2090
1438
2653
464
2141
45
1348
1831
1300
124
865
2590
1163
242
634
8
15
2155
1053
611
991
1789
3007
2930
2366
3039
2870
2896
2377
678
2899
2296
938
873
948
1998
651
463
2013
181
703
2368
2872
988
2500
3031
1302
818
2881
2186
2425
1243
195
960
2980
1646
981
3022
3043
1230
780
1139
51
1346
1010
2781
222
2266
1134
833
39
2408
188
341
618
201
43
1365
2598
1478
2828
2309
956
3012
28
90
418
109
1866
801
2937
1041
1690
1019
1332
130
2875
2940
2224
288
1545
2092
2737
2555
1623
1691
1334
875
3049
1551
880
2012
2061
323
1036
2857
1894
2067
1819
1407
2040
2736
1433
332
3059
2602
2364
1159
2796
227
740
2908
1405
1200
629
2544
764
2670
2123
372
1090
2863
2984
477
537
1904
2748
2435
1921
382
2855
2375
164
566
1578
570
966
484
1320
447
580
1313
1103
933
1517
1201
958
820
3063
693
393
322
1999
1986
2434
2354
2898
1846
1267
779
1455
622
1199
2680
1442
309
2556
1209
673
1423
553
450
2924
1057
2548
327
888
231
239
1409
2730
756
937
876
648
2771
1160
2176
1217
2280
2029
795
1532
971
1909
2402
1649
1439
1449
2284
2261
1655
190
1358
461
2312
2576
1120
908
2337
859
3003
2926
456
1785
861
486
1747
369
1633
1427
600
2164
69
1271
2592
1359
2812
2869
1595
2433
687
993
1233
2612
297
2197
52
2754
2635
998
387
2390
2584
1975
1914
2560
2887
2325
2395
176
2686
1309
2667
3067
1060
476
2989
1893
3018
3037
361
1068
1804
1988
724
1492
170
565
1867
1130
2302
1716
2603
24
280
146
2008
446
1031
2202
1026
2073
2163
2476
1231
2268
2177
1484
719
421
392
2829
916
417
2410
704
2115
1848
2563
1425
1417
3045
792
155
1669
1368
750
1137
216
1008
2858
797
2383
2327
488
2373
2004
799
717
845
2457
2527
635
2440
2464
333
1415
137
2699
41
2960
2424
1248
1940
676
1844
2378
2633
2256
1707
935
1125
613
517
2726
2660
376
1973
1193
390
1652
2463
291
1798
271
1701
2883
2287
869
1219
95
2777
55
1003
1495
563
1581
2311
2295
1027
153
551
1135
3027
1430
2902
738
2813
2103
2951
586
1426
354
2552
721
218
380
2128
207
296
1565
2766
1076
2016
2428
716
2525
1859
2304
347
2303
1974
316
2060
2496
2003
247
856
1294
204
2761
1065
3047
753
2036
2562
511
597
1045
317
2618
1513
1154
1614
918
2988
2513
2841
1335
1863
2963
2112
363
2131
927
652
1542
1422
2578
2353
2048
624
1604
907
1473
441
2979
133
2764
7
102
806
1461
2831
2210
2673
1379
1451
711
849
1874
854
2170
1214
2336
844
2864
444
941
2939
1911
1321
466
2595
2241
1254
106
1387
2114
581
1969
1801
2201
219
1467
1934
1266
769
912
1140
846
321
129
2426
1927
2594
1018
3050
1097
1004
736
2534
1413
489
2553
64
671
979
2791
2854
1514
2200
1788
314
2506
2042
1594
1537
293
1920
816
1913
200
192
2271
1675
745
994
805
2907
6
1560
2638
689
1113
10
1508
2332
203
936
1955
1666
702
616
2387
940
1558
2105
2611
439
2558
1166
2585
2129
108
438
2856
1044
1364
404
371
2755
2634
2690
2909
1938
2625
220
737
77
1033
653
2809
338
847
609
182
1694
1440
2807
2467
1080
2972
53
1796
1673
1246
2183
1968
1667
2443
1179
2307
381
886
2223
1238
2716
1273
1958
2449
2436
63
2987
2483
1112
1408
1419
2707
1901
1384
972
1447
1392
2328
1312
720
790
2911
2242
9
709
1502
1353
259
383
185
519
2646
713
2843
3054
443
2724
542
630
1270
3052
1745
2324
460
3042
117
1571
670
1443
329
483
1391
848
2189
1576
433
1679
1664
2878
947
646
2973
1192
2393
2066
1738
962
2752
649
536
2642
2389
2978
2444
1915
2652
2750
1719
552
1383
1861
1354
621
2335
1706
2992
2746
2640
1465
1758
419
1223
3064
1993
1017
1877
1752
1688
1505
2762
1349
2819
412
2789
1234
2769
543
305
827
1013
1637
2160
1314
794
2085
2655
874
518
2800
1592
2076
1992
906
377
3020
1816
930
2388
2297
2891
1806
2846
25
166
1873
1823
574
556
811
1315
1697
677
555
789
57
196
1279
2679
359
1871
1481
2608
2427
694
1891
1774
2526
178
1547
60
726
2614
2622
2520
977
1454
2793
413
27
2308
2156
1143
172
2744
920
590
2075
1692
1174
2995
294
2601
2432
2011
2689
620
582
478
2254
1522
1984
2668
684
2230
2050
1054
1997
358
2051
391
2619
810
263
824
3021
186
2322
492
773
712
2231
2442
295
1470
1235
526
2821
644
324
2126
1892
1577
889
803
639
503
1590
2885
2641
1218
2239
667
1028
1496
1841
1714
445
2550
1101
965
1764
2774
911
732
1336
2244
1566
2168
2401
416
1399
1597
2704
1660
2045
605
2459
144
2636
1755
465
1022
1851
1152
2905
1253
2087
78
1733
2880
2214
458
1301
2804
1048
1418
2145
208
1081
2380
1206
2852
1264
1878
98
1225
3068
1704
30
307
2740
2530
2604
2363
1263
3019
2797
1281
2229
86
42
2109
734
2661
1341
158
1288
2035
2315
1203
2047
1736
1226
2238
1677
3009
636
1591
931
3016
121
2079
904
2136
2949
2298
954
730
777
1077
2792
2710
515
2376
1985
426
1852
2971
757
659
645
103
2519
1351
1683
1298
1389
210
1121
1964
2664
2071
1401
2684
922
1187
1038
3023
2111
587
18
1818
1245
1533
283
2139
2080
733
642
2132
479
1935
2588
1825
823
872
3005
2623
2165
2096
602
2439
2559
2938
1619
2884
2185
2154
1105
1627
299
93
2775
1469
1228
251
2895
1638
2709
12
2273
2981
1030
2617
3072
2215
2866
409
2091
2394
755
274
2417
2093
2517
2787
1563
1525
826
3026
284
1420
2049
1523
813
2034
1621
725
3062
240
110
1951
1213
1865
784
2783
20
3004
1207
1410
2113
306
2292
74
2470
2956
215
2688
66
2818
2099
1853
1241
957
1063
473
1488
1474
626
2228
2810
2406
1344
3048
910
2294
1651
2826
2957
832
901
1343
595
1129
2770
1723
1699
585
675
455
142
1781
2583
76
2226
679
2370
471
707
1550
2253
2088
2511
472
2257
1452
1696
1204
140
266
607
1108
2462
2172
3029
535
2472
2502
1109
290
1521
610
592
70
1375
2343
429
2570
903
143
1071
706
2850
162
1916
1272
2456
1881
2404
1932
1778
953
1331
1936
1178
131
2597
529
1317
113
2824
1362
2893
2009
2535
1511
1802
104
1227
2877
1761
891
2521
591
1098
1377
657
1995
1961
1808
400
942
2969
1361
1572
1509
148
571
454
1776
1475
594
1556
2681
2943
132
2195
2967
1729
1748
366
1491
292
944
184
1593
1640
1634
2409
2391
885
2959
641
1585
411
516
2430
2782
1431
843
1972
1326
2240
800
1175
2208
1922
1524
1390
198
896
2725
73
786
1967
2
2575
2037
244
1860
2941
224
65
213
1882
735
2499
1386
1530
3006
1269
955
2461
787
1812
3008
1709
235
926
1713
1996
2057
214
2232
2946
168
2627
836
1720
1165
71
1043
1287
1185
1182
968
1518
1021
2249
851
2233
2720
1316
1002
549
2589
265
2714
1062
3065
1686
766
1357
992
985
289
1908
2786
2330
2505
946
252
525
1803
374
1838
2931
2465
584
2447
2897
1705
67
808
2453
1306
550
1966
92
1195
2452
2184
871
1829
440
812
367
1952
1680
632
1941
1676
558
2081
2270
2259
628
183
3030
2095
1070
2098
355
1983
88
1150
1639
1261
1765
388
2334
399
1220
1483
2631
1793
2196
1373
1737
2873
1162
2914
420
1987
169
1613
2300
1181
1406
40
2124
452
2415
449
559
2059
588
300
1007
127
2676
2146
2157
2360
2419
1568
490
2942
2572
407
2235
150
2289
1374
260
718
2188
1598
2243
3044
625
1731
700
3036
2607
2692
2677
2219
2977
1799
2903
952
1305
3061
1457
2557
194
2405
2089
2151
3058
270
1570
398
105
2119
917
1221
501
2497
2509
2169
1678
770
2494
2396
2056
1183
975
1257
560
2107
1715
909
212
2429
2493
2666
2675
507
1611
2543
339
2545
1712
303
1058
1283
1170
1883
834
2802
180
397
996
56
1962
1189
1847
934
2610
1584
1157
2162
2474
831
1659
2698
87
1575
882
47
2198
1760
1896
743
2342
97
1402
1091
187
1015
608
2785
2019
2644
1042
2345
2359
2007
1293
2600
1172
149
1074
3001
963
2159
1900
902
656
2621
2021
2084
2912
1837
765
686
2918
1330
1029
2251
401
2728
1897
496
2732
1580
1371
1791
147
1724
365
1499
1945
2365
1906
278
601
17
2845
1601
2135
2983
1540
1538
2722
223
1725
2932
249
2450
2990
2193
1001
1093
2218
2913
1786
495
301
2874
900
1763
1084
1087
2767
2222
2538
1628
1085
1579
1482
2025
1355
2211
2844
533
2860
107
2721
768
2203
1432
1609
528
485
1441
2540
2423
961
530
2346
2890
763
2822
2398
1142
2954
1516
36
23
373
915
1990
1153
1727
2471
2615
604
1342
1693
320
2065
1064
1404
867
785
2407
1292
1099
2815
2361
1340
1603
2539
1237
1596
2923
3055
2420
1400
893
3034
2191
1775
22
469
2632
2161
344
481
1208
708
368
255
1083
2492
2609
1324
1205
2982
1460
163
879
1887
2596
2002
1944
2593
1486
1446
749
234
1586
2794
2639
715
360
480
2919
666
221
731
1815
1849
2411
877
2274
1437
1212
939
2747
191
775
1535
1630
1196
2108
633
1453
315
2801
2888
353
2026
1006
2524
1626
2082
1857
2672
2469
1820
2285
2964
2118
1811
2817
139
1240
1444
2659
1394
2867
2110
1886
2705
1463
410
1118
1500
855
1510
502
1695
1947
509
1249
1194
2955
1543
2910
2316
2265
842
2533
2414
2734
2209
1930
921
1075
2349
1991
589
1111
2358
2466
2806
434
1795
16
34
1498
1468
5
262
2348
1616
1779
1040
1641
115
3011
126
442
1767
136
1462
561
573
2503
3041
2501
1826
453
1549
2952
778
974
2100
2784
1381
1782
1156
1583
1086
1928
951
1740
402
1242
815
2386
62
2070
538
356
2816
1363
722
1872
2252
3070
2344
2479
32
1286
1835
1114
830
21
1072
1311
1625
782
2683
1416
2565
2484
125
1526
1145
999
2731
2529
2776
1215
2702
193
1536
1414
2488
2478
1188
1685
2005
1805
569
424
154
101
2454
1839
437
85
2662
1061
1322
328
2225
286
2102
696
2323
1123
783
1232
1497
2041
229
2149
1485
1078
2272
1681
523
2227
1528
343
2001
837
2756
1953
781
695
2384
2053
1768
177
1337
997
599
1931
683
1797
1687
2582
1555
631
2739
1136
2894
470
2835
459
1600
1757
2837
2247
619
2958
3010
2020
2853
817
2514
2400
1957
2431
357
504
2352
2180
1333
2276
2626
697
2999
1229
378
2220
2120
512
2927
1252
562
2656
1717
1850
1657
3002
1978
1487
531
2422
2482
123
2246
3017
894
575
1559
345
2338
1943
1702
2299
1104
264
2546
1569
1742
788
1014
1541
1582
160
1347
1624
643
2171
1544
1102
1506
248
2062
1376
312
100
2194
2859
1011
1862
68
2976
989
1360
564
986
2920
2921
1981
226
2318
44
2936
2199
497
396
2106
385
2687
2648
2043
881
1561
664
313
1743
1665
1089
2823
230
655
1917
2620
334
1631
436
864
2934
2778
1515
2715
1100
50
1051
669
932
982
2948
1147
2473
1602
79
924
1489
2718
1924
3057
1356
838
1458
156
2290
173
2147
2221
2871
1216
349
287
688
2966
1762
2628
2362
2236
1830
1732
451
2445
134
457
1645
748
350
1012
759
342
742
1814
2206
2773
205
59
980
762
267
2000
1366
887
1899
1606
1450
2537
650
2629
1836
2803
425
2696
82
1784
2028
761
1168
1809
746
2613
1834
662
2685
2339
640
1519
692
2293
2181
668
2083
1000
1318
774
348
860
973
2039
1708
1397
448
128
487
1890
1276
2212
1412
281
2901
1421
2735
1751
2371
852
1674
1177
2044
3
1783
1734
1023
2486
821
2851
362
2397
2291
2580
2757
1378
1259
2117
1589
3060
1088
2279
2038
2876
1034
3025
2027
1338
1445
521
1167
2392
1672
1753
72
1049
1735
1948
122
277
513
237
819
2144
2441
1393
899
395
1198
2518
1095
1711
1739
578
1965
80
1345
2985
1710
273
2333
2262
94
2167
1025
2104
206
19
2962
2063
2504
557
256
2475
572
1980
2645
1982
1539
1939
1608
1520
351
680
2138
2701
729
1176
1771
596
2961
1833
238
2512
853
577
3066
1005
2768
568
1700
2974
2510
1124
346
2351
1148
1855
2148
2917
1875
850
665
682
870
246
1792
2743
809
119
474
2929
728
2458
352
841
1923
976
2842
1821
1285
814
690
1970
2571
2068
2487
858
499
987
2541
1352
2490
2986
159
2158
202
1807
2579
500
99
898
2245
2267
1047
1171
1106
1960
2542
2374
672
2150
1299
167
2260
2581
1052
1843
1115
2838
548
1770
2682
4
243
13
2741
1291
2052
2906
2630
1119
1512
236
318
275
1411
1620
2320
2549
3000
2078
1319
432
2508
29
1663
2204
375
1222
752
984
2306
1910
1268
384
1654
2133
2953
1169
2437
510
494
2205
701
691
2654
2491
26
211
2892
2742
1902
2015
2651
2153
2650
364
2749
970
2286
1617
1050
663
967
546
1435
758
925
311
2551
1635
253
2054
228
505
1464
1946
1918
2305
1307
547
1155
839
2928
2460
1210
2178
1073
612
1599
913
165
1642
1773
2904
1032
1236
2121
1092
1907
2713
2140
2030
995
2451
1471
1562
1858
2772
2207
2587
949
2547
1750
1262
1284
2187
2868
1730
2561
554
3040
1787
1459
1854
2693
1769
1507
1668
3038
2152
1671
1822
2023
1224
1956
2759
2134
2605
2381
1643
791
279
2379
3035
1527
2340
1622
2017
863
1239
217
2795
2263
2033
793
1303
2350
2889
1813
1132
1741
427
152
868
225
2468
945
2516
2577
37
1670
2564
276
61
491
524
2712
905
2399
1880
828
1800
1403
660
541
681
1380
1754
2814
2711
1
405
2554
2568
3071
2727
2523
2865
2357
2968
1840
1698
3056
2282
386
3051
983
2616
1661
2808
2382
1429
1385
430
545
258
1703
1472
408
3069
754
269
1868
2317
1610
1905
2788
308
2991
1989
337
1066
866
776
1824
1055
112
1180
46
2820
1794
829
1588
2032
1494
2438
2522
75
2805
2489
2515
1553
840
710
475
1056
257
2234
2006
302
197
1476
928
