717
800
678
243
900
992
937
702
566
600
404
277
326
845
618
933
493
816
896
758
82
153
547
297
534
90
499
338
936
515
889
80
213
71
490
413
488
929
689
838
828
932
835
731
975
869
952
579
660
670
415
827
522
679
901
821
75
8
140
657
526
623
925
336
575
474
734
697
386
729
394
913
434
1000
360
991
770
119
778
646
180
1014
202
324
328
229
615
120
31
303
203
107
532
124
340
76
622
425
60
294
134
58
683
55
312
953
122
393
381
588
409
685
1012
145
1021
632
78
333
780
997
111
351
707
256
11
521
503
865
996
966
73
156
512
574
608
30
327
335
280
654
956
922
801
113
737
586
350
807
466
513
480
537
782
699
451
578
19
372
628
724
943
501
364
264
994
840
982
302
811
846
143
392
613
459
890
939
462
917
231
417
1003
210
649
764
270
137
912
968
902
1008
732
112
585
72
227
401
931
810
46
176
464
826
722
924
946
871
18
833
363
792
825
101
286
819
102
204
155
738
103
793
733
884
769
842
62
47
275
605
495
1005
601
95
96
476
598
331
83
736
237
278
329
290
41
108
241
337
560
687
885
382
211
177
556
599
359
674
820
426
51
1018
349
882
293
59
257
595
859
305
979
61
371
245
940
367
283
804
868
261
861
662
1007
92
950
308
225
829
930
7
379
1009
228
276
934
84
14
481
334
377
824
806
582
616
791
980
703
875
201
69
479
484
187
435
248
910
643
1015
568
808
345
971
748
146
274
135
986
866
872
478
198
790
3
368
667
485
977
751
627
564
781
516
928
420
768
483
635
668
446
909
638
583
894
520
684
132
309
22
389
543
109
114
138
970
517
904
677
100
453
858
735
965
774
715
414
194
784
959
487
419
563
527
704
614
998
428
48
941
376
418
330
681
142
796
714
39
429
523
214
346
779
747
942
475
903
301
805
693
355
77
795
878
1
836
669
128
186
67
993
26
754
603
399
441
395
759
173
4
559
247
295
830
899
783
594
208
259
664
332
713
630
369
300
908
147
219
852
200
686
168
461
757
849
167
407
292
569
296
49
472
867
692
650
467
905
906
881
15
13
1001
712
234
633
157
285
561
438
244
656
923
253
552
529
951
763
21
985
400
183
777
44
524
129
216
432
358
519
254
626
593
787
196
40
589
700
1004
437
448
860
354
463
955
344
634
1010
181
64
740
857
9
126
191
999
705
184
436
34
281
93
695
907
166
502
694
655
94
1013
944
319
658
97
629
661
984
209
756
554
161
611
851
640
455
945
506
773
710
410
232
631
960
853
584
666
1002
914
863
864
644
457
799
35
402
85
215
976
739
926
33
886
375
688
815
659
445
730
642
876
948
723
880
411
171
961
218
291
444
498
151
249
915
612
572
24
450
1023
17
972
266
220
170
57
718
761
809
272
847
88
440
794
639
339
74
289
192
70
719
121
23
641
250
317
798
645
549
508
843
343
16
273
412
570
105
567
765
772
320
883
755
785
421
164
165
89
288
471
380
353
268
938
396
597
298
20
762
193
562
316
179
373
963
307
989
221
893
725
691
195
911
269
32
548
741
91
406
509
342
477
862
468
837
617
45
701
384
969
260
500
625
311
212
159
2
104
454
580
313
416
676
990
538
604
190
154
528
652
403
690
817
188
1016
814
587
750
42
535
962
185
675
251
995
205
25
518
935
848
263
458
431
252
160
356
383
696
321
87
602
812
898
422
541
405
591
427
553
473
149
54
620
610
887
12
447
767
802
895
786
557
233
370
919
279
581
81
408
271
117
947
921
831
430
38
174
397
1011
306
246
242
854
728
423
973
539
43
197
325
775
855
1022
874
53
106
199
465
496
834
726
398
29
624
1019
482
607
318
99
163
27
236
86
606
374
116
240
79
877
709
68
565
239
927
850
663
651
388
504
387
424
235
299
621
844
497
680
536
452
217
920
139
443
576
671
544
891
776
636
449
949
207
489
698
744
158
366
619
65
178
577
753
967
788
304
189
981
551
172
125
823
494
223
127
361
721
720
533
711
716
6
870
314
958
749
469
258
123
5
818
378
1006
592
37
10
665
238
131
287
983
511
673
546
98
672
491
841
390
56
797
653
879
133
310
531
1020
284
954
365
897
803
323
322
52
974
637
916
136
341
555
813
708
352
224
832
558
460
706
175
162
115
545
267
978
144
182
357
682
873
150
282
169
514
771
265
110
766
206
789
1017
988
118
152
36
262
888
648
50
505
596
230
391
839
486
542
442
470
530
456
573
987
492
507
439
222
571
348
609
66
752
822
130
362
590
760
746
255
347
148
63
141
918
28
727
742
540
957
550
226
856
964
892
315
525
647
743
745
433
385
510
